0.9999995528987955 -0.0009444547525894187 -4.698328746827326e-05 -0.29504185779917835 0.0009444544614997663 0.9999995539834576 -6.217403759748059e-06 -0.9554787274094009 4.698913856955394e-05 6.173027404689571e-06 0.9999999988769573 -0.003271637895835004
0.999999866566039 -0.0005105623203412228 -7.870210476473986e-05 -0.5985430993730212 0.000510562540000448 0.999999869659099 2.7709524253252326e-06 -1.9083046872357028 7.870067976236038e-05 -2.811134401740882e-06 0.9999999968991503 -0.006383975316903642
0.9999967624028093 -0.002540651442725832 -0.00014238730814778567 -0.8619886631617655 0.002540654898109043 0.9999967722409261 2.4091870620925285e-05 -2.8729737021253277 0.00014232563950957478 -2.4453549632703904e-05 0.999999989572718 -0.009566212252066315
0.9999953796173554 -0.0030363790436213254 -0.00014541748347410174 -1.1341733202434523 0.0030363842051838556 0.9999953895522588 3.528717597402128e-05 -3.8352139690612908 0.0001453096677923669 -3.572855628349291e-05 0.9999999888042851 -0.01259625125035602
0.9999932076185816 -0.0036805434800208357 -0.00019574573334038502 -1.4190018974741065 0.0036805515368600154 0.9999932259142985 4.0815428802739086e-05 -4.793786990420212 0.0001955941843815433 -4.153560382829534e-05 0.9999999800088539 -0.015828017886431515
0.9999981839871456 -0.0018977990084132524 -0.00017430242309687978 -1.7152684708997668 0.001897805463147637 0.9999981984857476 3.687388232255938e-05 -5.7488872625613645 0.00017423212987108236 -3.7204607449709584e-05 0.9999999841294906 -0.018924407156919135
0.999991582790644 -0.00409947668410527 -0.0001692299592170683 -1.9628162879935693 0.004099484377463085 0.9999915960598349 4.513914750824066e-05 -6.717757909834587 0.00016904349013562435 -4.583252313635997e-05 0.9999999846618387 -0.022046442464292874
0.9999977269803552 -0.002126302316712455 -0.0001577104342363709 -2.273176387296443 0.002126306843458606 0.9999977389997594 2.8540780579616645e-05 -7.668371524186038 0.0001576493913245233 -2.887605648117678e-05 0.999999987156421 -0.025265909870624062
0.9999996163547723 -0.0008430450656669132 -0.00023783466136673162 -2.5708863811685068 0.0008430514492373844 0.9999996442745127 2.6741393524481763e-05 -8.623021795320458 0.00023781203256252614 -2.6941890120929044e-05 0.9999999713597851 -0.028674629817223452
0.9999981016205317 -0.0019395236867953815 -0.0001870914265587384 -2.8495400377924565 0.001939530362777682 0.9999981184788013 3.550816076751211e-05 -9.583408993500836 0.00018702220562293213 -3.587096286171253e-05 0.9999999818679838 -0.03160195305648891
0.9999969242327592 -0.0024569196755379516 -0.00033922076903251003 -3.130353168928723 0.002456935173595891 0.9999969807051666 4.5278070438627976e-05 -10.543164843025552 0.00033910850024231927 -4.611137461276757e-05 0.999999941439581 -0.03516491313721771
0.9999978423349494 -0.002047865309644022 -0.0003486733721084558 -3.4267785400720703 0.0020478807142882377 0.9999979021295798 4.382944187104476e-05 -11.498215515817144 0.000348582883842634 -4.454338877641514e-05 0.9999999382529275 -0.038360494908707465
0.9999983295730621 -0.0017885620871779745 -0.0003766918459816136 -3.7146322470518025 0.0017885787412871804 0.9999983995290679 4.38792627319811e-05 -12.455884454887762 0.00037661276231018 -4.455293246281256e-05 0.9999999280889287 -0.0415926021755204
0.999997866347964 -0.002015032157483145 -0.0004549119972005512 -3.993733754307687 0.0020150507190136954 0.9999979689692648 4.0347815594250494e-05 -13.416140081097875 0.0004548297711129838 -4.126440025321663e-05 0.9999998957135583 -0.04498096156015897
0.9999996729936864 -0.0006667946713908212 -0.00045759959339627607 -4.2770564779694995 0.0006668166644792626 0.9999997765300128 4.791097653282282e-05 -14.375159504598065 0.00045756754435120244 -4.821609590029171e-05 0.999999894153569 -0.04814001303457349
0.9999995528987955 -0.0009444547525894187 -4.698328746827326e-05 -0.29504185779917835 0.0009444544614997663 0.9999995539834576 -6.217403759748059e-06 -0.9554787274094009 4.698913856955394e-05 6.173027404689571e-06 0.9999999988769573 -0.003271637895835004
0.999999866566039 -0.0005105623203412228 -7.870210476473986e-05 -0.5985430993730212 0.000510562540000448 0.999999869659099 2.7709524253252326e-06 -1.9083046872357028 7.870067976236038e-05 -2.811134401740882e-06 0.9999999968991503 -0.006383975316903642
0.9999967624028093 -0.002540651442725832 -0.00014238730814778567 -0.8619886631617655 0.002540654898109043 0.9999967722409261 2.4091870620925285e-05 -2.8729737021253277 0.00014232563950957478 -2.4453549632703904e-05 0.999999989572718 -0.009566212252066315
0.9999953796173554 -0.0030363790436213254 -0.00014541748347410174 -1.1341733202434523 0.0030363842051838556 0.9999953895522588 3.528717597402128e-05 -3.8352139690612908 0.0001453096677923669 -3.572855628349291e-05 0.9999999888042851 -0.01259625125035602
0.9999932076185816 -0.0036805434800208357 -0.00019574573334038502 -1.4190018974741065 0.0036805515368600154 0.9999932259142985 4.0815428802739086e-05 -4.793786990420212 0.0001955941843815433 -4.153560382829534e-05 0.9999999800088539 -0.015828017886431515
0.9999981839871456 -0.0018977990084132524 -0.00017430242309687978 -1.7152684708997668 0.001897805463147637 0.9999981984857476 3.687388232255938e-05 -5.7488872625613645 0.00017423212987108236 -3.7204607449709584e-05 0.9999999841294906 -0.018924407156919135
0.999991582790644 -0.00409947668410527 -0.0001692299592170683 -1.9628162879935693 0.004099484377463085 0.9999915960598349 4.513914750824066e-05 -6.717757909834587 0.00016904349013562435 -4.583252313635997e-05 0.9999999846618387 -0.022046442464292874
0.9999977269803552 -0.002126302316712455 -0.0001577104342363709 -2.273176387296443 0.002126306843458606 0.9999977389997594 2.8540780579616645e-05 -7.668371524186038 0.0001576493913245233 -2.887605648117678e-05 0.999999987156421 -0.025265909870624062
0.9999996163547723 -0.0008430450656669132 -0.00023783466136673162 -2.5708863811685068 0.0008430514492373844 0.9999996442745127 2.6741393524481763e-05 -8.623021795320458 0.00023781203256252614 -2.6941890120929044e-05 0.9999999713597851 -0.028674629817223452
0.9999981016205317 -0.0019395236867953815 -0.0001870914265587384 -2.8495400377924565 0.001939530362777682 0.9999981184788013 3.550816076751211e-05 -9.583408993500836 0.00018702220562293213 -3.587096286171253e-05 0.9999999818679838 -0.03160195305648891
0.9999969242327592 -0.0024569196755379516 -0.00033922076903251003 -3.130353168928723 0.002456935173595891 0.9999969807051666 4.5278070438627976e-05 -10.543164843025552 0.00033910850024231927 -4.611137461276757e-05 0.999999941439581 -0.03516491313721771
