0.9999969090347727 -0.0024396938159710474 0.00047939022212517557 -0.5722061034942604 0.002437859182821203 0.9999898423815189 0.0037910389591503113 0.1562387699604279 -0.0004886343269668858 -0.003789858555325598 0.9999926990776608 0.8050898222466659
0.9999991103323076 -0.0007627711269163196 0.0010943101943208136 -0.005762960122268068 0.0007607770183434711 0.9999980516540853 0.001821512108618364 0.024431319275969032 -0.0010956974590699033 -0.0018206779620310704 0.9999977422868697 -0.00840201008536201
0.9999997637210086 0.0004036257581438404 0.0005564568038158528 0.571458911676366 -0.0004045516464506096 0.9999985324009706 0.0016647924406124755 -0.11835480300208137 -0.0005557840340496519 -0.001665017162773165 0.9999984594097907 -0.8124088719976711
0.9999948041298611 0.0030801645457971655 0.0009509467134870654 1.144031749996389 -0.0030812892106025303 0.9999945524916086 0.0011834880260277569 -0.26391845153669974 -0.000947296195339001 -0.0011864120186255629 0.9999988475275559 -1.6192369633798709
0.9999898829042533 0.0043011701203976805 0.0013168237290745177 0.5704083269300925 -0.004303148478181057 0.9999896115340964 0.0015032421832183907 -0.12897473163784492 -0.0013103443489343727 -0.0015088934627989564 0.9999980031171086 -0.8113097630891738
0.9999926980543957 0.0035815589695416708 0.0013327690118174415 -0.006218167423830412 -0.00358553410656143 0.9999890950561574 0.002992275712329619 0.01738514242826586 -0.0013220374661299572 -0.002997032551643087 0.9999946349920195 -0.007518326662747321
0.9999900084202172 0.00396624382806306 0.0020620304631929352 -0.5790099892955792 -0.003973753993662303 0.999985440099802 0.003650872170363405 0.1600616641729037 -0.002047520191023373 -0.0036590296941717065 0.999991209542746 0.799669965459788
0.9999929356209182 0.0031517320729617434 0.0020482414893937327 -0.004667289984421008 -0.0031567430861254462 0.9999920213847401 0.002447884791170811 0.03024477718746607 -0.002040510070256354 -0.002454333270545742 0.9999949062704523 -0.008586206555856846
0.9999825741059677 0.005454092824109182 0.002259282157979942 -0.5786575933921515 -0.005463868659817836 0.9999756392060011 0.004343631409116812 0.1847245224558157 -0.0022355365511743754 -0.0043559001384332495 0.9999880141833265 0.7955724468799737
0.9999897782876549 0.003815311511325174 0.0024262560209273912 -1.1554215410360809 -0.0038279353177156925 0.9999790499985075 0.00521981563717794 0.3288348785998721 -0.0024062899681733248 -0.005229049832836833 0.9999834332659892 1.5996716658512553
0.9999780013195132 0.006157540957842721 0.0024660832071991988 -0.5838832407722262 -0.006170062156697908 0.9999679476450581 0.005102353918873436 0.1744847025954894 -0.002434586210188934 -0.005117457560492559 0.9999839420801224 0.793743632774529
0.9999708264069144 0.007267825456487065 0.002350542109366093 -0.014270463712377834 -0.007275555286443749 0.9999680979592698 0.003296871091601704 0.028062297872133518 -0.0023265060386304486 -0.003313876409096488 0.9999918027628014 -0.015021947356820498
0.9999676706227314 0.007349197260223992 0.003262975479741154 0.5561871546791136 -0.007358120799542179 0.9999691986755328 0.002731255848880322 -0.10971478880365398 -0.0032428024377742235 -0.0027551769168255463 0.9999909465752704 -0.824710517120678
0.9999720255456651 0.0070567787390255834 0.0024799193394710833 1.1331127450255258 -0.007057323665366837 0.9999750745089468 0.00021105333121387943 -0.24459218567841157 -0.0024783681696043604 -0.00022854902055480353 0.9999969027234833 -1.6302941260749158
0.9999596511018817 0.008367447835317574 0.003268330602736838 1.7032715232434905 -0.008364473266686217 0.9999645914512678 -0.0009227300091245762 -0.38919557321497567 -0.003275935771111978 0.0008953549140320263 0.9999942332755727 -2.4390022489066014
0.9999495206935684 0.009448216314077253 0.0034186654102436437 1.1335228526020662 -0.009452099617693962 0.9999546989502962 0.001121543596738452 -0.22892808374588136 -0.003407913954605526 -0.001153800548012947 0.9999935274124389 -1.6329620612474471
0.9999339006547042 0.010978115544126331 0.0034169138956456914 0.5638029712141118 -0.010982738269386968 0.9999387939603361 0.0013370838620042418 -0.07749207226436947 -0.003402026098750209 -0.0013745225526421744 0.9999932684304302 -0.8251957638706209
0.9999243689973475 0.011634726424052378 0.003986154324112265 1.1345461126345775 -0.01163705324717946 0.9999321298153505 0.0005610299983053917 -0.22891084383830496 -0.0039793563525376205 -0.000607374657166098 0.9999918978766998 -1.6322426163745751
0.9999202087566142 0.01180118698316327 0.004506451588517867 1.7081546818269482 -0.011802923261744546 0.9999302786710693 0.00035888615846804185 -0.3757038673502081 -0.004501902110063972 -0.00041204682477811576 0.9999897814951932 -2.438111723362376
0.9999416582574547 0.009378293069110501 0.005359822799664873 1.1377481715873234 -0.009380334849546295 0.9999559403454801 0.00035592962318663587 -0.2308591026783339 -0.005356248635407213 -0.0004061857902294468 0.9999855727027559 -1.6296215210572378
0.9999547041879193 0.007837540466182203 0.005400234429554175 0.5702239695162468 -0.007845693400681305 0.9999681116761416 0.0014902100234108415 -0.07562245854495633 -0.005388382643769622 -0.001532511106765661 0.9999843082479799 -0.821031473887601
0.9999631351244667 0.0067418106527671945 0.0053175540592316035 1.1411140437433884 -0.006746770068189174 0.9999768214247329 0.0009152633141818397 -0.2164168058595695 -0.0053112602739443324 -0.000951105887677678 0.9999854428499904 -1.6298957856934693
0.999966112355644 0.0063132304323521935 0.005283678817888718 1.7204933727573968 -0.0063164848631314125 0.9999798711189384 0.000599479711612615 -0.3624592751310505 -0.005279787809788928 -0.0006328336739334222 0.9999858615811642 -2.4317631003287317
0.9999772615271102 0.004179130880712998 0.005292569680826519 1.1413260857276721 -0.004182688401742418 0.9999910338713985 0.0006612825000789892 -0.22051286006041293 -0.005289758640850859 -0.0006834046333454513 0.9999857756046469 -1.6290075529276415
0.9999762588264302 0.004394291139761602 0.0053077291639973675 1.7170956881214479 -0.004396915897320363 0.9999902168978524 0.0004829484207974568 -0.3614623793311488 -0.0053055550219757285 -0.0005062745937758346 0.9999857972851129 -2.4343786462608095
0.9999791975186243 0.003682596523736192 0.005295565395180826 2.2947023355962255 -0.0036809195894882984 0.9999931721304973 -0.00032637916584556906 -0.49565427349017827 -0.005296731160534162 0.00030687982594832376 0.9999859251328408 -3.2395886166008196
0.9999777884513021 0.003955636663693855 0.00536428398119108 2.8638384952660836 -0.003952898188026189 0.9999920515417414 -0.0005210079203345749 -0.6472632443328843 -0.005366302261436476 0.000499791879512194 0.9999854763985895 -4.047733870695813
0.9999741505921975 0.0052295187727805625 0.004934600371036015 3.4341837491225222 -0.005221001497235772 0.9999848612859891 -0.0017373376775635739 -0.7902387835622193 -0.004943611107532622 0.0017115292124876757 0.9999863155948536 -4.856599920536895
0.999975927997287 0.0048601009006254536 0.004952054644669314 2.858474556148963 -0.00485289272733414 0.9999871492193598 -0.0014665702550853929 -0.6379218493584681 -0.004959118686319746 0.001442503161831514 0.9999866630743036 -4.053257853494154
0.9999701953594433 0.005714443757266284 0.005191678471061683 3.4296924922931247 -0.005703206182584653 0.9999813673856885 -0.002176768404394971 -0.7819192033599061 -0.005204020757139928 0.0021470943138408964 0.9999841539514329 -4.861326434412747
0.9999802444992922 0.003593803454654864 0.005157052246186903 4.009565566063461 -0.003581192269731794 0.9999905799141535 -0.0024525792303299473 -0.9242066625001308 -0.005165817754024156 0.002434062382760431 0.999983694700691 -5.663511885095792
0.9999854381941852 0.0017563907555348658 0.005102792480776347 4.5900034095715725 -0.001736828655956132 0.999991136097173 -0.0038355121305870357 -1.0510756442494185 -0.005109483908169898 0.003826593602397806 0.999979624970224 -6.467872607218368
0.9999847450489011 0.0019476389610485654 0.0051687882491469215 5.166465107538538 -0.0019199514651015955 0.9999838121229959 -0.005356237329595671 -1.1881580865614003 -0.005179136593947199 0.005346231797884638 0.999972296791117 -7.273416097532097
0.9999845027794422 0.0019401669760913945 0.005218232752576598 5.733415040673389 -0.00190500122679893 0.9999755012748721 -0.006735563851142373 -1.3317029889266125 -0.005231173031076911 0.006725518728827188 0.9999637004544436 -8.084565056924482
0.9999849696766219 0.0015899491615064102 0.0052471404128966595 6.303058721491982 -0.0015489740434269847 0.999968349533248 -0.007803884363802103 -1.4753342776458565 -0.005259382117855184 0.00779563938459367 0.9999557824755657 -8.893809228855485
0.9999868055882818 0.0018362147650038975 0.004797599887873086 6.879678987305961 -0.0017766654284889058 0.999921696868935 -0.012387234990251782 -1.5941445794929836 -0.0048199698445677945 0.012378547818111912 0.9999117658296702 -9.702136626156609
0.9999886053486983 0.0009582833926350299 0.004676629738214159 7.450919407762288 -0.0008906271895413958 0.9998952317075616 -0.014447573903238331 -1.7311367409254654 -0.0046899846458384655 0.014443244144570369 0.9998846917233004 -10.511406377069699
0.9999853900918196 0.00293767453470717 0.004537584295978035 8.01826241794645 -0.002865270483818722 0.9998697766157582 -0.015881436818086576 -1.8791287742719636 -0.004583647888910809 0.01586820338540077 0.9998635858422624 -11.321480612471087
0.9999823518668628 0.004092273135298992 0.004306884652248096 8.586924831571197 -0.00401035370958279 0.9998140847044077 -0.018860357626774866 -2.022517253681215 -0.004383265671354078 0.018842752645829554 0.9998128513150747 -12.13145765122168
0.9999855946165908 0.0035797108883492326 0.003999528630124423 9.15951272885328 -0.0034858937047711805 0.9997242370639717 -0.023222798538005223 -2.1588957603822725 -0.004081556613152161 0.02320852207301388 0.9997223141446817 -12.939878335516728
0.9999891212727018 0.002470972285786726 0.003956214379515851 9.72824472092755 -0.002363967364438269 0.9996372891235609 -0.026827259494692484 -2.2927059974230803 -0.0040210688322468505 0.026817615286572456 0.9996322556399354 -13.751443946945843
0.99999196705923 0.0008155941016751732 0.00392436278613101 10.29701822183244 -0.0006925150423504998 0.9995109656766427 -0.03126259610234971 -2.422887906493187 -0.003947941227016391 0.031259627291505915 0.9995035014754382 -14.563570399673038
0.9999906519876152 -0.0014260062592016958 0.00408196564642594 10.863232117739487 0.0015781580525791275 0.9992947467635057 -0.03751690962778836 -2.544709168806464 -0.004025587478988822 0.037523000906208026 0.9992876558070942 -15.378776756450366
0.999957257558001 -0.007936565560268352 0.004742782326306103 11.440997137114875 0.008128586469873371 0.9990870002034479 -0.041941531999620835 -2.6588853764962397 -0.004405580448595396 0.04197829143236924 0.9991088098447167 -16.186954568558406
0.9998845495819838 -0.01394408850288361 0.006037375511157167 12.00825535802178 0.014215026024276968 0.998772993666724 -0.04743880433923914 -2.7620263472754294 -0.005368476726992544 0.04751914895945753 0.9988559004880518 -17.004010289400174
0.9997858613891778 -0.019486473006910636 0.006964821322612471 12.578573082129907 0.019825543204398294 0.998425166941608 -0.052479842361338166 -2.85996368466515 -0.005931205860168326 0.05260668576684047 0.9985976954758455 -17.81957510688137
