0.9999995 -0.00094445475 -4.698329e-05 -0.29504186 0.00094445446 0.9999996 -6.2174036e-06 -0.9554787 4.698914e-05 6.1730275e-06 1.0 -0.003271638
0.9999999 0.00043389213 -3.1710315e-05 -0.30440116 -0.00043389184 0.9999999 9.018309e-06 -0.9525389 3.1714226e-05 -9.00455e-06 1.0 -0.003092154
0.9999979 -0.002030092 -6.367431e-05 -0.2639383 0.0020300935 0.9999979 2.1353431e-05 -0.9645344 6.363083e-05 -2.1482652e-05 1.0 -0.0031641764
0.9999999 -0.00049573113 -3.0017222e-06 -0.27462894 0.00049573113 0.9999999 1.12029675e-05 -0.9615456 2.9961682e-06 -1.12044545e-05 1.0 -0.0030144656
0.99999976 -0.0006441689 -5.031123e-05 -0.28773832 0.00064416917 0.9999998 5.681043e-06 -0.95770365 5.0307564e-05 -5.713451e-06 1.0 -0.0032241729
0.9999984 0.0017827515 2.142866e-05 -0.29978046 -0.0017827514 0.9999984 -4.020443e-06 -0.9540033 -2.1435791e-05 3.982235e-06 1.0 -0.0030773792
0.99999756 -0.0022016878 5.088141e-06 -0.24938664 0.0022016878 0.99999756 8.2556235e-06 -0.968399 -5.106305e-06 -8.244401e-06 1.0 -0.003114613
0.99999803 0.001973186 1.1451384e-05 -0.31425506 -0.0019731857 0.99999803 -1.6645452e-05 -0.9493332 -1.1484206e-05 1.6622824e-05 1.0 -0.003209855
0.99999917 0.0012832587 -8.012787e-05 -0.29973975 -0.0012832588 0.99999917 -1.6290142e-06 -0.954015 8.012572e-05 1.7318376e-06 1.0 -0.0033890144
0.9999994 -0.0010964816 5.075061e-05 -0.2794639 0.0010964812 0.9999994 8.723985e-06 -0.96015185 -5.0760143e-05 -8.668333e-06 1.0 -0.0028867316
0.9999999 -0.0005173991 -0.00015211011 -0.28267473 0.0005174007 0.9999999 1.0064951e-05 -0.95920926 0.00015210488 -1.0143652e-05 1.0 -0.0035445015
