0.9831812 -0.18262741 -0.0014088504 -0.03915552 0.18262969 0.9831803 0.0016992533 -0.03915552 0.0010748238 -0.0019279717 0.99999756 -0.03915552
0.9999993 -0.00121443 -1.7979293e-05 0.0002213128 0.0012144303 0.9999993 1.7691762e-05 0.0002213128 1.7957795e-05 -1.7713584e-05 1.0 0.0002213128
0.9999975 0.002231016 -1.3568703e-05 0.0019074206 -0.0022310163 0.9999975 -1.182516e-05 0.0019074206 1.3542288e-05 1.1855403e-05 1.0 0.0019074206
0.9999988 0.0015568509 -3.6349495e-05 0.0009764217 -0.001556851 0.9999988 -2.3894684e-06 0.0009764217 3.634573e-05 2.4460562e-06 1.0 0.0009764217
0.9999966 0.0026062254 -9.430908e-05 0.0015016529 -0.0026062264 0.9999966 -1.0347377e-05 0.0015016529 9.428179e-05 1.0593132e-05 1.0 0.0015016529
0.9999987 0.0016235232 -1.2271876e-05 0.0 -0.0016235231 0.9999987 5.7686957e-06 0.0 1.2281225e-05 -5.7487646e-06 1.0 0.0
0.9999998 0.0006189046 6.4609434e-05 0.0017457976 -0.00061890477 0.9999998 2.4440558e-06 0.0017457976 -6.4607906e-05 -2.4840424e-06 1.0 0.0017457976
0.9999977 0.0021592616 -1.3076133e-05 0.0017545199 -0.0021592616 0.9999977 -9.601389e-06 0.0017545199 1.3055371e-05 9.629602e-06 1.0 0.0017545199
0.9999999 -0.00045831615 1.2995783e-05 0.0002613069 0.00045831606 0.9999999 7.423772e-06 0.0002613069 -1.2999185e-05 -7.4178147e-06 1.0 0.0002613069
1.0 -0.00023370446 3.177386e-06 0.00014064464 0.00023370443 1.0 1.23061955e-05 0.00014064464 -3.180262e-06 -1.2305453e-05 1.0 0.00014064464
0.99999946 -0.0010543793 -1.5104891e-05 0.0 0.0010543795 0.99999946 1.4518107e-05 0.0 1.5089575e-05 -1.4534025e-05 1.0 0.0
0.99999857 -0.0016947958 -0.00020176127 0.0 0.0016948002 0.99999857 2.1936294e-05 0.0 0.0002017238 -2.2278207e-05 1.0 0.0
0.9999997 -0.0007826598 -2.8409464e-05 0.0 0.00078266003 0.9999997 7.686106e-06 0.0 2.840344e-05 -7.708339e-06 1.0 0.0
0.999998 -0.0020234517 -3.9199203e-05 0.00053191785 0.002023452 0.999998 8.202963e-06 0.00053191785 3.9182523e-05 -8.2822635e-06 1.0 0.00053191785
1.0 -0.0001501988 -4.0759507e-05 0.0011647966 0.00015019909 1.0 6.8784816e-06 0.0011647966 4.0758474e-05 -6.8846034e-06 1.0 0.0011647966
0.99999857 -0.0016884148 -8.187977e-05 0.0 0.0016884159 0.99999857 1.2674037e-05 0.0 8.1858256e-05 -1.28122665e-05 1.0 0.0
0.99999726 0.0023517124 -7.947297e-05 0.002993405 -0.0023517127 0.99999726 -9.48309e-07 0.002993405 7.947053e-05 1.1352039e-06 1.0 0.002993405
0.9999996 0.00091063086 -2.494807e-05 0.0011014692 -0.0009106308 0.9999996 4.3137734e-06 0.0011014692 2.4951989e-05 -4.2910533e-06 1.0 0.0011014692
0.9999991 -0.0013314817 -7.5288845e-05 0.00024060214 0.0013314832 0.9999991 1.9906032e-05 0.00024060214 7.526227e-05 -2.000626e-05 1.0 0.00024060214
0.9999999 -0.0004300009 -9.636422e-06 0.00011164712 0.0004300008 0.9999999 -1.00195875e-05 0.00011164712 9.640729e-06 1.0015443e-05 1.0 0.00011164712
0.99999994 -0.00025109525 -8.5936714e-05 0.0 0.00025109397 0.99999994 -1.4773692e-05 0.0 8.594042e-05 1.4752113e-05 1.0 0.0
1.0 -4.0342006e-06 -1.5924109e-06 8.339471e-05 4.034202e-06 1.0 7.403968e-07 8.339471e-05 1.5924078e-06 -7.404032e-07 1.0 8.339471e-05
0.99999434 0.0033603746 -5.2630774e-05 0.0064973305 -0.003360375 0.99999434 -6.247792e-06 0.0064973305 5.260948e-05 6.4246155e-06 1.0 0.0064973305
0.99999994 0.00032079508 -6.137829e-05 9.667176e-05 -0.00032079493 0.99999994 2.7753392e-06 9.667176e-05 6.137918e-05 -2.7556493e-06 1.0 9.667176e-05
0.9999992 0.0012578986 1.298104e-06 9.5039875e-05 -0.0012578986 0.9999992 -1.2329462e-05 9.5039875e-05 -1.3136122e-06 1.232782e-05 1.0 9.5039875e-05
0.9999985 0.0017214259 -1.583196e-06 0.0007917437 -0.0017214259 0.9999985 2.6488487e-06 0.0007917437 1.5877533e-06 -2.6461194e-06 1.0 0.0007917437
1.0 -2.303058e-05 -9.717423e-06 8.180284e-07 2.303065e-05 1.0 7.3134674e-06 8.180284e-07 9.717255e-06 -7.3136916e-06 1.0 8.180284e-07
0.99999315 -0.0037023628 -9.834354e-05 0.00041624083 0.0037023646 0.99999315 1.8105147e-05 0.00041624083 9.8275836e-05 -1.8469125e-05 1.0 0.00041624083
0.9999972 0.0023645603 0.00013390795 0.0 -0.0023645563 0.9999972 -3.0177422e-05 0.0 -0.00013397893 2.9860705e-05 1.0 0.0
0.99999803 0.0019688345 2.3879827e-05 0.02482018 -0.001968834 0.99999803 -1.7729119e-05 0.02482018 -2.3914688e-05 1.768207e-05 1.0 0.02482018
0.9999919 0.0040292675 -5.6037537e-05 0.023998681 -0.004029269 0.9999919 -2.288026e-05 0.023998681 5.594489e-05 2.3105864e-05 1.0 0.023998681
1.0 -7.30215e-05 -3.484215e-05 0.000111748086 7.302131e-05 1.0 -5.660031e-06 0.000111748086 3.484256e-05 5.657487e-06 1.0 0.000111748086
0.99999666 0.0025825088 -3.959963e-05 0.0019555925 -0.0025825093 0.99999666 -1.44640035e-05 0.0019555925 3.9562143e-05 1.4566222e-05 1.0 0.0019555925
0.99999595 0.002841467 1.3353923e-05 0.00019227057 -0.0028414668 0.99999595 -1.7111452e-05 0.00019227057 -1.3402491e-05 1.7073438e-05 1.0 0.00019227057
0.9999977 0.002151596 -2.0641524e-05 0.0020046418 -0.0021515964 0.9999977 -1.4774641e-05 0.0020046418 2.0609688e-05 1.4819019e-05 1.0 0.0020046418
0.99998575 0.0053424085 -6.354846e-05 0.004613095 -0.0053424095 0.99998575 -1.4910752e-05 0.004613095 6.34679e-05 1.5250041e-05 1.0 0.004613095
0.999999 0.0014360377 -0.00010564732 0.004545024 -0.0014360391 0.999999 -1.3826783e-05 0.004545024 0.000105627354 1.39784825e-05 1.0 0.004545024
0.99998945 0.0045933006 1.1125388e-05 0.0025917718 -0.0045933006 0.99998945 -2.180589e-05 0.0025917718 -1.1225432e-05 2.1754558e-05 1.0 0.0025917718
0.9999855 0.00538491 -0.000119633834 0.0016965884 -0.0053849136 0.9999855 -3.1036176e-05 0.0016965884 0.000119464974 3.167994e-05 1.0 0.0016965884
0.99998546 0.005388316 -0.00014562681 0.0077580567 -0.0053883204 0.99998546 -2.9751565e-05 0.0077580567 0.0001454644 3.0535815e-05 1.0 0.0077580567
0.9999993 0.0011973253 -0.00016032842 0.00028734145 -0.001197327 0.9999993 -1.0932344e-05 0.00028734145 0.00016031522 1.1124301e-05 1.0 0.00028734145
0.9999433 0.010648706 -5.3921318e-05 -0.0042889407 -0.010648709 0.9999433 -4.694535e-05 -0.0042889407 5.3418356e-05 4.751688e-05 1.0 -0.0042889407
0.9999963 0.0027116062 -3.746073e-05 -0.0054753446 -0.0027116071 0.9999963 -2.092173e-05 -0.0054753446 3.740386e-05 2.1023234e-05 1.0 -0.0054753446
0.9999652 0.008343273 4.114677e-05 -0.00939392 -0.008343271 0.9999652 -4.6520003e-05 -0.00939392 -4.1533465e-05 4.6175086e-05 1.0 -0.00939392
0.99998844 0.0048032026 -2.387021e-05 -0.008194067 -0.0048032035 0.99998844 -4.376162e-05 -0.008194067 2.365974e-05 4.387577e-05 1.0 -0.008194067
0.9999911 0.00421655 3.8895905e-05 -0.005122692 -0.004216548 0.9999911 -4.145477e-05 -0.005122692 -3.9070354e-05 4.1290394e-05 1.0 -0.005122692
0.9999958 0.002894553 -0.00015025852 -0.0050019803 -0.0028945608 0.9999958 -5.2532967e-05 -0.0050019803 0.00015010583 5.296768e-05 1.0 -0.0050019803
0.99999297 0.0037525354 -5.2665087e-05 -0.004988162 -0.0037525387 0.99999297 -5.889294e-05 -0.004988162 5.244372e-05 5.9090155e-05 1.0 -0.004988162
0.95678025 0.29081175 -0.0002392513 -0.05709266 -0.29081118 0.956776 -0.0029141998 -0.05709266 -0.0006185736 0.002857826 0.9999957 -0.05709266
0.99980766 0.019536862 0.001724282 0.004483785 -0.019535424 0.9998088 -0.00084668363 0.004483785 -0.0017404939 0.00081283617 0.99999815 0.004483785
0.99996877 0.0079 -2.5618388e-05 -0.00869802 -0.0079000015 0.99996877 -7.1176895e-05 -0.00869802 2.5055293e-05 7.137706e-05 1.0 -0.00869802
0.9999928 -0.0031250936 0.0021522455 -0.00012148935 0.0031256897 0.99999505 -0.00027364618 -0.00012148935 -0.0021513798 0.00028037146 0.9999977 -0.00012148935
0.9999899 -0.0043878537 0.0009695158 0.00024566738 0.0043879105 0.99999034 -5.6475335e-05 0.00024566738 -0.0009692587 6.0728915e-05 0.9999995 0.00024566738
0.9268537 0.37542233 -0.0004647065 -0.06840985 -0.37542135 0.9268466 -0.0037580498 -0.06840985 -0.0009801443 0.0036576232 0.99999285 -0.06840985
0.9999934 0.0035167271 0.0009162493 0.00035809065 -0.003516601 0.9999938 -0.00013918668 0.00035809065 -0.0009167331 0.00013596368 0.9999996 0.00035809065
0.9425844 0.333968 5.641385e-05 -0.06162964 -0.333967 0.9425819 -0.0023258098 -0.06162964 -0.0008299208 0.0021734317 0.9999973 -0.06162964
0.9999398 0.010715654 0.0023616601 0.0018931833 -0.010713928 0.9999423 -0.0007424486 0.0018931833 -0.0023694797 0.00071710127 0.99999696 0.0018931833
0.99999964 0.0003080209 0.00081888353 -0.0016620698 -0.00030793506 0.99999994 -0.000104959836 -0.0016620698 -0.0008189158 0.00010470763 0.99999964 -0.0016620698
0.9998481 0.017425722 -0.00024070911 -0.004294381 -0.017425753 0.9998481 -0.00012612529 -0.004294381 0.00023847472 0.00013030067 0.99999994 -0.004294381
0.9999558 0.00940185 -0.00022779562 -0.009355093 -0.009401869 0.9999558 -8.147758e-05 -0.009355093 0.00022701951 8.3615676e-05 1.0 -0.009355093
0.9500864 0.3119813 -0.001866207 -0.05868012 -0.31198296 0.9500276 -0.010686193 -0.05868012 -0.001560944 0.010735031 0.9999412 -0.05868012
0.9999841 0.005589769 0.0007838988 -0.0009625067 -0.005589681 0.9999844 -0.00011432643 -0.0009625067 -0.00078452565 0.00010994287 0.9999997 -0.0009625067
0.99999815 0.0017172495 0.00084820885 -0.0022044366 -0.0017171439 0.9999985 -0.00012516209 -0.0022044366 -0.0008484225 0.00012370535 0.99999964 -0.0022044366
0.9999992 0.00036487196 0.0011901383 -0.00039121832 -0.00036458907 0.9999999 -0.00023789314 -0.00039121832 -0.0011902249 0.00023745904 0.9999993 -0.00039121832
0.9999391 0.011037954 -6.017497e-05 -0.009319945 -0.01103796 0.9999391 -9.160825e-05 -0.009319945 5.9160135e-05 9.2266884e-05 1.0 -0.009319945
0.99999917 0.0005097511 0.0011979586 -0.0015626731 -0.0005096461 0.9999999 -8.797513e-05 -0.0015626731 -0.0011980033 8.7364526e-05 0.9999993 -0.0015626731
0.9999986 0.0015763363 0.0005617194 -0.00082985463 -0.0015763006 0.99999875 -6.4108935e-05 -0.00082985463 -0.00056181976 6.322341e-05 0.9999998 -0.00082985463
0.95240194 0.30484515 7.04597e-05 -0.05560721 -0.30484447 0.9524002 -0.0019176598 -0.05560721 -0.0006516951 0.0018049036 0.99999815 -0.05560721
0.99999756 0.0020437534 0.00086322933 -0.001244607 -0.002043638 0.9999979 -0.00013482568 -0.001244607 -0.0008635031 0.00013306121 0.99999964 -0.001244607
0.9999888 0.004619973 0.0010046263 -0.0011316185 -0.004619822 0.99998933 -0.00015225944 -0.0011316185 -0.001005319 0.00014761655 0.99999946 -0.0011316185
0.9999211 0.012437681 0.0017535526 0.0012495234 -0.012436882 0.9999226 -0.00046547301 0.0012495234 -0.0017592062 0.00044362756 0.99999833 0.0012495234
0.9999994 0.00078656286 0.0007427844 -7.941342e-05 -0.00078652834 0.9999997 -4.6702335e-05 -7.941342e-05 -0.0007428209 4.6118086e-05 0.9999997 -7.941342e-05
0.9997548 0.022141626 -0.00023802828 -0.012404947 -0.022141663 0.99975485 -0.00015544094 -0.012404947 0.0002345282 0.00016067317 0.99999994 -0.012404947
0.99990463 0.013807276 -0.00019585356 -0.010318432 -0.013807295 0.9999047 -9.312855e-05 -0.010318432 0.00019454904 9.5823874e-05 1.0 -0.010318432
0.9998644 0.016465664 -0.00013195936 -0.01128799 -0.01646568 0.9998644 -0.0001226328 -0.01128799 0.00012992223 0.00012478899 1.0 -0.01128799
0.999965 0.00835564 -0.00043490782 -0.007950363 -0.008355668 0.9999651 -6.196807e-05 -0.007950363 0.00043437487 6.5599845e-05 0.9999999 -0.007950363
0.99984884 0.01738294 -0.00031565706 -0.011025356 -0.017382978 0.9998489 -0.00011441832 -0.011025356 0.00031362043 0.000119888085 0.99999994 -0.011025356
-0.99996036 -0.0065505914 0.0060328743 0.37489432 0.006532552 -0.99997413 -0.0030050348 0.37489432 0.0060524032 -0.0029655055 0.9999773 0.37489432
0.99994224 0.010742371 -0.00031420594 -0.009598113 -0.010742405 0.9999423 -0.00010979479 -0.009598113 0.00031300835 0.00011316378 0.99999994 -0.009598113
0.9999991 0.0009987408 0.0009005894 -0.0027920324 -0.000998596 0.99999946 -0.00016128593 -0.0027920324 -0.00090075005 0.00016038645 0.9999996 -0.0027920324
0.99992746 0.012043102 -0.00026455257 -0.010216294 -0.012043133 0.99992746 -0.00011803325 -0.010216294 0.0002631119 0.00012121072 0.99999994 -0.010216294
0.99997914 0.0064315917 -0.00054601335 -0.008151327 -0.0064316373 0.9999793 -8.151405e-05 -0.008151327 0.0005454778 8.502412e-05 0.9999998 -0.008151327
0.9402064 0.34060517 -0.00028266385 -0.06464952 -0.3406043 0.9402014 -0.0031743345 -0.06464952 -0.0008154338 0.003080806 0.99999493 -0.06464952
0.9999988 0.0011695008 0.0009827121 -0.0014546975 -0.0011693569 0.9999993 -0.00014699329 -0.0014546975 -0.0009828834 0.00014584398 0.9999995 -0.0014546975
0.9999988 0.0014088613 0.0006749198 -0.0020881551 -0.0014088063 0.999999 -8.200478e-05 -0.0020881551 -0.0006750347 8.105385e-05 0.99999976 -0.0020881551
0.99999917 -0.0012281147 0.00043527375 -0.0017396568 0.0012281369 0.9999992 -5.0754614e-05 -0.0017396568 -0.00043521108 5.1289146e-05 0.9999999 -0.0017396568
0.9999805 0.006243491 -7.17514e-05 -0.0054901866 -0.0062434957 0.9999805 -6.750816e-05 -0.0054901866 7.132851e-05 6.7954825e-05 1.0 -0.0054901866
0.99999887 -0.0013266106 -0.00067842915 -0.0047542006 0.0013266319 0.9999991 3.106804e-05 -0.0047542006 0.00067838735 -3.196803e-05 0.99999976 -0.0047542006
0.99999356 0.0035776934 -0.00014526816 -0.00523337 -0.003577699 0.9999936 -3.9287428e-05 -0.00523337 0.00014512667 3.9806902e-05 1.0 -0.00523337
0.99996406 0.008478247 -7.287354e-05 -0.0054828 -0.00847825 0.99996406 -5.825187e-05 -0.0054828 7.237704e-05 5.8867616e-05 1.0 -0.0054828
0.9999808 0.0061995056 -7.223613e-05 -0.0060253968 -0.006199509 0.9999808 -4.649069e-05 -0.0060253968 7.1946524e-05 4.6937625e-05 1.0 -0.0060253968
0.9574628 0.28855678 -0.00014344315 -0.060318507 -0.28855622 0.9574597 -0.0025095516 -0.060318507 -0.00058680703 0.0024441935 0.99999684 -0.060318507
0.96717054 0.25412804 -0.00021382149 -0.054885555 -0.25412765 0.9671667 -0.0027618944 -0.054885555 -0.0004950738 0.002725561 0.9999962 -0.054885555
1.0 -0.00020833606 9.350917e-07 3.3237728e-05 0.00020833607 1.0 -1.6841945e-05 3.3237728e-05 -9.3158286e-07 1.684214e-05 1.0 3.3237728e-05
1.0 -0.00011730976 -7.843927e-05 0.00019519233 0.00011731093 1.0 1.4853335e-05 0.00019519233 7.843752e-05 -1.4862538e-05 1.0 0.00019519233
0.9999985 -0.0017199438 4.6932226e-05 0.0001229039 0.0017199432 0.9999985 1.1829668e-05 0.0001229039 -4.6952504e-05 -1.174893e-05 1.0 0.0001229039
0.9999772 0.006753747 2.5839397e-05 0.015253463 -0.0067537464 0.9999772 -2.774278e-05 0.015253463 -2.6026177e-05 2.7567634e-05 1.0 0.015253463
1.0 -7.793517e-05 1.3645647e-05 0.0011147371 7.793506e-05 1.0 7.576686e-06 0.0011147371 -1.3646238e-05 -7.5756225e-06 1.0 0.0011147371
0.99999815 -0.0019333917 -2.4669478e-06 0.0006438733 0.0019333917 0.99999815 4.990026e-06 0.0006438733 2.4572955e-06 -4.994786e-06 1.0 0.0006438733
0.9999998 -0.00058772415 -5.574875e-05 0.00079097826 0.000587724 0.9999998 -2.696207e-06 0.00079097826 5.5750326e-05 2.6634418e-06 1.0 0.00079097826
0.9999993 -0.0011897137 -3.9674636e-05 0.0 0.001189714 0.9999993 6.686937e-06 0.0 3.966665e-05 -6.734134e-06 1.0 0.0
0.9999977 -0.0021339862 -0.00024300154 0.0 0.0021339883 0.99999774 8.284806e-06 0.0 0.00024298333 -8.803349e-06 1.0 0.0
0.9999998 -0.00060711097 1.6363616e-05 0.0 0.0006071109 0.9999998 3.3402187e-06 0.0 -1.636564e-05 -3.3302836e-06 1.0 0.0
0.9999936 -0.0035634416 -0.0001707723 0.00028648236 0.0035634479 0.9999936 3.6421436e-05 0.00028648236 0.00017064143 -3.7029742e-05 1.0 0.00028648236
0.9999924 0.003911389 -8.01585e-05 0.001325288 -0.003911389 0.9999924 9.4741955e-07 0.001325288 8.016159e-05 -6.3388126e-07 1.0 0.001325288
0.9999993 0.001198247 5.9511684e-05 0.0033342168 -0.0011982467 0.9999993 -3.9522292e-06 0.0033342168 -5.9516376e-05 3.8809167e-06 1.0 0.0033342168
0.99999726 0.0023274699 -0.00029617664 0.0071826717 -0.0023274715 0.9999973 -5.2084347e-06 0.0071826717 0.00029616372 5.897763e-06 0.99999994 0.0071826717
0.999998 0.002006001 -2.2537839e-05 0.0036835857 -0.002006001 0.999998 9.570866e-08 0.0036835857 2.2537984e-05 -5.049754e-08 1.0 0.0036835857
0.999979 0.0064777923 -1.2127132e-06 0.002461761 -0.0064777923 0.999979 -3.011519e-05 0.002461761 1.0176078e-06 3.0122414e-05 1.0 0.002461761
0.9999993 -0.0012121124 -0.00012913127 0.010762686 0.0012121139 0.9999993 1.1568414e-05 0.010762686 0.00012911714 -1.1724927e-05 1.0 0.010762686
0.99999905 -0.0013976322 -7.463439e-05 0.0 0.0013976329 0.99999905 8.91401e-06 0.0 7.462186e-05 -9.018313e-06 1.0 0.0
0.99999547 0.003003782 -1.772532e-05 0.0 -0.0030037821 0.99999547 -1.3596712e-05 0.0 1.7684399e-05 1.3649894e-05 1.0 0.0
0.9999912 0.0041975956 2.0928273e-05 0.0 -0.004197595 0.9999912 -1.6177133e-05 0.0 -2.0995994e-05 1.6089143e-05 1.0 0.0
0.99999505 0.0031470133 2.1106896e-05 0.00057950435 -0.003147013 0.99999505 -2.9846767e-06 0.00057950435 -2.1116186e-05 2.9182384e-06 1.0 0.00057950435
0.9999998 0.00056638865 2.5297926e-05 0.0 -0.00056638865 0.9999998 -8.0799026e-08 0.0 -2.5297968e-05 6.6470555e-08 1.0 0.0
0.9999939 0.0034827548 -6.454692e-05 0.0 -0.003482755 0.9999939 -4.419843e-06 0.0 6.453113e-05 4.6446175e-06 1.0 0.0
0.9999961 -0.0027786577 -7.038751e-05 0.0 0.0027786575 0.9999961 -5.7620673e-07 0.0 7.0388836e-05 3.8062169e-07 1.0 0.0
0.9999995 0.001000119 -5.9703798e-05 2.1064203e-05 -0.0010001191 0.9999995 -2.6605874e-06 2.1064203e-05 5.9701106e-05 2.720297e-06 1.0 2.1064203e-05
0.9999856 0.005373629 -6.560638e-05 0.0 -0.0053736297 0.9999856 -1.1951243e-05 0.0 6.554121e-05 1.2303615e-05 1.0 0.0
0.9999991 0.0013528741 -7.9743564e-05 0.002005522 -0.0013528733 0.9999991 1.00874195e-05 0.002005522 7.975714e-05 -9.979527e-06 1.0 0.002005522
0.999998 -0.0020077603 -7.51672e-05 0.0 0.0020077603 0.999998 -1.138694e-06 0.0 7.516933e-05 9.87774e-07 1.0 0.0
0.9999938 0.0035209744 -8.4672516e-05 0.0 -0.0035209784 0.9999938 -4.636273e-05 0.0 8.450875e-05 4.666057e-05 1.0 0.0
0.999996 -0.0028314558 -5.882035e-05 0.010735436 0.0028314563 0.999996 9.493783e-06 0.010735436 5.8793234e-05 -9.660293e-06 1.0 0.010735436
0.999979 -0.0064458684 0.00067437324 -0.0012455025 0.0064459173 0.9999792 -7.052816e-05 -0.0012455025 -0.0006739046 7.4873635e-05 0.99999976 -0.0012455025
0.958933 0.2836327 -2.8121056e-05 -0.059529986 -0.28363198 0.9589304 -0.002333628 -0.059529986 -0.00063492707 0.0022457691 0.99999726 -0.059529986
0.97182447 0.23570557 -0.00036246036 -0.044563722 -0.23570527 0.97181755 -0.003705063 -0.044563722 -0.00052105857 0.0036861044 0.9999931 -0.044563722
0.99999994 0.00038710953 6.196081e-05 0.0035057387 -0.00038711017 0.99999994 1.0384335e-05 0.0035057387 -6.195678e-05 -1.040832e-05 1.0 0.0035057387
0.9999982 -0.0018981239 -0.0001330235 0.0023644813 0.0018981264 0.9999982 1.8605737e-05 0.0023644813 0.00013298795 -1.88582e-05 1.0 0.0023644813
0.99996686 0.008141252 -0.00011150164 -0.006331476 -0.008141257 0.99996686 -4.581224e-05 -0.006331476 0.00011112497 4.6718487e-05 1.0 -0.006331476
0.9999993 0.0012055828 -6.7935456e-05 0.0077112014 -0.0012055823 0.9999993 6.522009e-06 0.0077112014 6.794327e-05 -6.4401024e-06 1.0 0.0077112014
0.9999999 0.00047958217 4.8613088e-06 0.00081001053 -0.00047958214 0.9999999 -9.0639435e-07 0.00081001053 -4.861743e-06 9.0406286e-07 1.0 0.00081001053
0.97747386 0.21105663 -7.9471945e-05 -0.042835407 -0.21105623 0.97747105 -0.002365177 -0.042835407 -0.00042150478 0.0023286717 0.9999972 -0.042835407
0.99999154 0.0041127424 6.948715e-06 0.0056873295 -0.0041127424 0.99999154 2.3108462e-06 0.0056873295 -6.939152e-06 -2.339405e-06 1.0 0.0056873295
0.9999989 -0.0014518038 -4.6157482e-05 0.01360724 0.0014518038 0.9999989 -6.971233e-10 0.01360724 4.6157435e-05 -6.6314485e-08 1.0 0.01360724
0.99997514 -0.007046706 -5.4324722e-05 0.006723677 0.0070467074 0.99997514 1.9244339e-05 0.006723677 5.4187763e-05 -1.962667e-05 1.0 0.006723677
0.99999607 -0.0028085883 -0.00013151532 0.0 0.002808592 0.99999607 2.963469e-05 0.0 0.00013143157 -3.0003945e-05 1.0 0.0
0.99999875 0.0015760746 1.11901545e-05 0.0 -0.0015760746 0.99999875 -1.7200922e-06 0.0 -1.1192852e-05 1.7024536e-06 1.0 0.0
0.9999933 0.0036523775 1.9780511e-05 0.0 -0.0036523775 0.9999933 -3.238365e-06 0.0 -1.9792207e-05 3.1660975e-06 1.0 0.0
0.99999905 -0.0013827829 -9.4932955e-05 0.0 0.0013827847 0.99999905 1.8097295e-05 0.0 9.490784e-05 -1.822855e-05 1.0 0.0
0.9999985 -0.0017144077 -3.2118696e-05 0.0 0.001714408 0.9999985 8.279665e-06 0.0 3.2104454e-05 -8.334718e-06 1.0 0.0
0.9999991 -0.001342079 -7.0321395e-05 0.0 0.0013420803 0.9999991 1.8054741e-05 0.0 7.029711e-05 -1.8149101e-05 1.0 0.0
0.99999595 -0.0028568876 -1.3632732e-05 0.0 0.002856888 0.99999595 2.6217342e-05 0.0 1.3557776e-05 -2.6256183e-05 1.0 0.0
1.0 0.00017133844 2.2794254e-07 0.0 -0.00017133844 1.0 -1.6804333e-06 0.0 -2.2823045e-07 1.6803942e-06 1.0 0.0
0.9999979 -0.0020451923 -0.00012616033 0.0 0.0020451946 0.9999979 1.8216128e-05 0.0 0.00012612282 -1.8474111e-05 1.0 0.0
0.99999446 -0.0033281061 -7.350497e-05 0.0 0.003328107 0.99999446 1.4299052e-05 0.0 7.345698e-05 -1.4543605e-05 1.0 0.0
0.9999997 0.0007641508 -2.9254674e-05 0.0035235144 -0.0007641507 0.9999997 3.5718388e-06 0.0035235144 2.9257395e-05 -3.5494827e-06 1.0 0.0035235144
0.99999934 -0.0011150411 -9.638546e-05 0.0 0.0011150419 0.9999994 8.141484e-06 0.0 9.637632e-05 -8.248952e-06 1.0 0.0
0.99999917 0.0012869337 2.2998886e-06 0.0099006295 -0.0012869337 0.99999917 -7.811335e-06 0.0099006295 -2.3099394e-06 7.8083685e-06 1.0 0.0099006295
1.0 0.00010099478 1.8269666e-05 0.0 -0.000100995225 1.0 2.4328068e-05 0.0 -1.8267208e-05 -2.4329913e-05 1.0 0.0
0.99999917 0.0013022783 2.1504307e-05 0.0 -0.001302278 0.99999917 -6.685371e-06 0.0 -2.1512997e-05 6.6573602e-06 1.0 0.0
0.9999946 -0.003297267 -3.7689828e-05 0.0 0.0032972689 0.9999946 4.430886e-05 0.0 3.7543523e-05 -4.4432894e-05 1.0 0.0
0.99999845 -0.0017748339 -5.2288477e-05 0.0 0.0017748341 0.99999845 5.3026497e-06 0.0 5.2278985e-05 -5.395445e-06 1.0 0.0
0.9999964 0.0026655854 3.1310654e-05 0.0023764807 -0.0026655854 0.9999964 9.446372e-08 0.0023764807 -3.1310294e-05 -1.7792462e-07 1.0 0.0023764807
0.9999993 -0.001203431 -1.2836173e-05 0.0 0.0012034312 0.9999993 8.387231e-06 0.0 1.282607e-05 -8.402672e-06 1.0 0.0
0.99999654 0.002622252 -4.2912256e-05 0.0 -0.0026222526 0.99999654 -1.3013429e-05 0.0 4.2877982e-05 1.3125911e-05 1.0 0.0
0.99999994 0.0003436806 -3.2879772e-05 0.0 -0.00034368032 0.99999994 8.539123e-06 0.0 3.2882705e-05 -8.5278225e-06 1.0 0.0
0.99999857 0.0016791085 -5.2524854e-05 0.004356008 -0.0016791084 0.99999857 1.7860758e-06 0.004356008 5.252778e-05 -1.6978784e-06 1.0 0.004356008
0.99999815 0.001915769 4.3673987e-05 0.0 -0.0019157692 0.99999815 4.9688797e-06 0.0 -4.3664386e-05 -5.05254e-06 1.0 0.0
0.9999999 0.0004992802 -3.233924e-05 0.0 -0.0004992805 0.9999999 -8.9592e-06 0.0 3.2334763e-05 8.975346e-06 1.0 0.0
0.99999523 0.0030880368 -1.1673802e-05 0.0 -0.0030880368 0.99999523 -4.707119e-06 0.0 1.165921e-05 4.743146e-06 1.0 0.0
0.9999995 0.0009866309 -3.0543786e-05 0.0012026076 -0.0009866314 0.9999995 -1.5921105e-05 0.0012026076 3.0528063e-05 1.5951233e-05 1.0 0.0012026076
0.9999534 0.009653472 3.8216305e-05 0.004367674 -0.009653471 0.9999534 -2.6887123e-05 0.004367674 -3.8474078e-05 2.6516951e-05 1.0 0.004367674
0.9999974 0.00230036 3.3269887e-05 0.0 -0.0023003598 0.9999974 -1.1734075e-05 0.0 -3.3296794e-05 1.1657511e-05 1.0 0.0
0.9999712 0.0075912788 -7.500088e-05 -0.008304383 -0.0075912843 0.9999712 -7.46828e-05 -0.008304383 7.443177e-05 7.5250005e-05 1.0 -0.008304383
0.9999955 0.0029820194 -1.6423648e-05 -0.006380262 -0.00298202 0.9999955 -3.4896842e-05 -0.006380262 1.6319513e-05 3.494566e-05 1.0 -0.006380262
0.99998397 0.0056603607 7.471048e-05 -0.007085622 -0.005660358 0.99998397 -3.4279758e-05 -0.007085622 -7.490332e-05 3.385632e-05 1.0 -0.007085622
0.99999684 0.002500211 -0.00014919041 -0.007333336 -0.002500215 0.9999969 -2.8087077e-05 -0.007333336 0.00014911972 2.8459997e-05 1.0 -0.007333336
0.99999976 0.0007119746 -7.640146e-05 -0.004022263 -0.0007119759 0.99999976 -1.7569808e-05 -0.004022263 7.638893e-05 1.76242e-05 1.0 -0.004022263
0.99998945 0.0045883823 -7.1161885e-05 -0.0051795295 -0.004588385 0.99998945 -4.0556817e-05 -0.0051795295 7.0975046e-05 4.0882907e-05 1.0 -0.0051795295
0.99997526 0.007030816 -0.00015284946 -0.00936658 -0.0070308237 0.99997526 -5.1063816e-05 -0.00936658 0.00015248665 5.2137213e-05 1.0 -0.00936658
0.968478 0.24909784 -0.0007984567 -0.05193549 -0.24909909 0.9684716 -0.0035257388 -0.05193549 -0.00010497128 0.0036134953 0.99999344 -0.05193549
0.99996805 0.007990073 -0.000112386624 -0.0047134683 -0.007990078 0.99996805 -4.005308e-05 -0.0047134683 0.00011206301 4.094978e-05 1.0 -0.0047134683
0.99997324 0.0073152445 -0.00016687205 -0.0048157894 -0.0073152483 0.99997324 -2.2284445e-05 -0.0048157894 0.00016670456 2.3504559e-05 1.0 -0.0048157894
0.99997485 0.007090745 -0.00022050837 -0.0050217896 -0.0070907553 0.99997485 -4.4730725e-05 -0.0050217896 0.00022018566 4.6293168e-05 1.0 -0.0050217896
0.999987 0.0050947885 -0.00012748115 -0.008143024 -0.005094793 0.999987 -3.3597815e-05 -0.008143024 0.00012730833 3.424687e-05 1.0 -0.008143024
0.99999964 -0.0008029636 -0.00032806306 -0.0044931266 0.00080297375 0.9999997 3.06762e-05 -0.0044931266 0.00032803832 -3.0939616e-05 0.99999994 -0.0044931266
0.999969 0.007870647 3.9217404e-05 -0.0072782994 -0.007870644 0.999969 -4.9696795e-05 -0.0072782994 -3.9607334e-05 4.938659e-05 1.0 -0.0072782994
1.0 -2.0280384e-05 -0.00010005053 -0.0055882465 2.0277996e-05 1.0 -2.3874065e-05 -0.0055882465 0.00010005102 2.3872037e-05 1.0 -0.0055882465
1.0 -0.00016426295 -0.00017260284 -0.0047179786 0.00016426179 1.0 -6.7667884e-06 -0.0047179786 0.00017260396 6.7384362e-06 1.0 -0.0047179786
0.99999994 -4.0857485e-05 -0.0003284567 -0.0052815997 4.0861294e-05 1.0 1.1587149e-05 -0.0052815997 0.00032845623 -1.1600569e-05 0.99999994 -0.0052815997
0.99991876 0.012745944 -0.00013227243 -0.005382431 -0.012745955 0.99991876 -8.199625e-05 -0.005382431 0.00013121657 8.367553e-05 1.0 -0.005382431
0.99999726 0.0023393356 -0.00024153365 -0.0057412693 -0.0023393368 0.99999726 -4.316935e-06 -0.0057412693 0.0002415229 4.8819516e-06 1.0 -0.0057412693
0.9999838 0.0056982148 -3.1297874e-05 -0.004530557 -0.005698216 0.9999838 -3.574908e-05 -0.004530557 3.109366e-05 3.592684e-05 1.0 -0.004530557
0.99999326 0.003674613 -0.000101729434 -0.004882458 -0.003674617 0.99999326 -3.923264e-05 -0.004882458 0.000101584585 3.960619e-05 1.0 -0.004882458
0.99997556 0.006993152 -0.0001421498 -0.0049120476 -0.006993158 0.99997556 -3.7982576e-05 -0.0049120476 0.00014188071 3.8975722e-05 1.0 -0.0049120476
0.9999626 0.008646166 -3.0281932e-05 -0.006654498 -0.008646168 0.9999626 -6.0813476e-05 -0.006654498 2.9754996e-05 6.107303e-05 1.0 -0.006654498
0.99997294 0.0073584625 -0.0001088585 -0.007524212 -0.007358468 0.99997294 -4.9359143e-05 -0.007524212 0.00010849234 5.015884e-05 1.0 -0.007524212
0.9999991 0.0013349948 -0.00014881277 -0.0062772203 -0.0013349968 0.9999991 -1.31046745e-05 -0.0062772203 0.00014879515 1.3303327e-05 1.0 -0.0062772203
0.9999445 0.010530548 -0.0001768798 -0.010022778 -0.010530559 0.99994457 -6.322886e-05 -0.010022778 0.00017620415 6.5087996e-05 1.0 -0.010022778
0.9999912 0.0042052153 -4.8566224e-05 -0.0071310853 -0.0042052167 0.9999912 -3.364755e-05 -0.0071310853 4.8424303e-05 3.3851484e-05 1.0 -0.0071310853
0.9999235 0.012365146 -0.00016922467 -0.0053370907 -0.0123651605 0.9999235 -8.347232e-05 -0.0053370907 0.00016817958 8.555843e-05 1.0 -0.0053370907
0.9999631 0.008589687 -9.4241026e-05 -0.009013181 -0.008589692 0.9999631 -5.610792e-05 -0.009013181 9.37556e-05 5.6915353e-05 1.0 -0.009013181
0.9999762 0.0069005312 -1.5416284e-05 -0.005338753 -0.0069005317 0.9999762 -3.1737858e-05 -0.005338753 1.519691e-05 3.1843483e-05 1.0 -0.005338753
0.9999932 0.003680983 -0.0001229133 -0.0057353512 -0.0036809866 0.9999932 -2.9053232e-05 -0.0057353512 0.00012280553 2.9505476e-05 1.0 -0.0057353512
0.99998736 0.0050234552 -0.00010300743 -0.0059430567 -0.0050234604 0.99998736 -5.210934e-05 -0.0059430567 0.00010274436 5.2626136e-05 1.0 -0.0059430567
0.9999596 0.008988823 2.6005644e-05 -0.0059173834 -0.008988822 0.9999596 -4.9761864e-05 -0.0059173834 -2.6451895e-05 4.9526094e-05 1.0 -0.0059173834
0.9999557 0.0094133355 1.9478195e-05 -0.004784914 -0.009413335 0.9999557 -5.966349e-05 -0.004784914 -2.0038964e-05 5.947749e-05 1.0 -0.004784914
0.99990875 0.013507932 -4.3843513e-05 -0.0046596634 -0.013507935 0.99990875 -6.211317e-05 -0.0046596634 4.300049e-05 6.2699735e-05 1.0 -0.0046596634
0.99996036 0.008906287 -9.1888025e-05 -0.009890027 -0.008906291 0.99996036 -4.2126776e-05 -0.009890027 9.150919e-05 4.2943484e-05 1.0 -0.009890027
0.99992603 0.012159209 -0.00017907131 -0.00445593 -0.012159222 0.9999261 -7.0785325e-05 -0.00445593 0.00017819738 7.295746e-05 1.0 -0.00445593
0.99994665 0.0103273 -0.00020781676 -0.005677333 -0.010327315 0.99994665 -7.3478746e-05 -0.005677333 0.00020704685 7.5621014e-05 1.0 -0.005677333
0.99996984 0.0077648186 -0.00015951465 -0.00528336 -0.0077648303 0.99996984 -7.502189e-05 -0.00528336 0.00015892732 7.625823e-05 1.0 -0.00528336
0.9999902 0.004422059 -0.00021901741 -0.0075696674 -0.0044220625 0.9999902 -1.6393702e-05 -0.0075696674 0.00021894278 1.736205e-05 1.0 -0.0075696674
0.99992216 0.012473645 -0.00027610172 -0.004402933 -0.012473667 0.9999222 -7.8844925e-05 -0.004402933 0.00027509674 8.228279e-05 0.99999994 -0.004402933
0.9999774 0.006718548 -2.2008933e-05 -0.005377374 -0.006718549 0.9999774 -5.43417e-05 -0.005377374 2.164334e-05 5.4488344e-05 1.0 -0.005377374
0.9626028 0.27091637 -0.00046639482 -0.056063958 -0.2709165 0.9625979 -0.0030880168 -0.056063958 -0.00038764364 0.0030988876 0.9999951 -0.056063958
0.9999352 0.011384201 -4.9167025e-05 -0.006483131 -0.011384206 0.9999352 -9.166603e-05 -0.006483131 4.8120295e-05 9.2219816e-05 1.0 -0.006483131
0.9999697 0.007783598 -8.701481e-05 -0.0053578597 -0.0077836025 0.9999697 -5.5981574e-05 -0.0053578597 8.657644e-05 5.6657165e-05 1.0 -0.0053578597
0.9999583 0.009132428 -0.00012694117 -0.004801143 -0.0091324365 0.9999583 -6.532006e-05 -0.004801143 0.00012633935 6.647662e-05 1.0 -0.004801143
0.9999428 0.01069895 -5.6497563e-05 -0.0052750227 -0.010698954 0.9999428 -7.2778945e-05 -0.0052750227 5.571567e-05 7.337925e-05 1.0 -0.0052750227
0.99994254 0.010718954 -0.000106552674 -0.0067399517 -0.010718964 0.99994254 -9.121634e-05 -0.0067399517 0.000105568804 9.235323e-05 1.0 -0.0067399517
0.99987817 0.01560954 -7.567148e-05 -0.007900612 -0.0156095475 0.99987817 -0.0001065072 -0.007900612 7.399973e-05 0.00010767542 1.0 -0.007900612
0.9999892 0.004638476 -0.00013660031 -0.0059378026 -0.004638482 0.9999892 -4.2685526e-05 -0.0059378026 0.00013640083 4.3318683e-05 1.0 -0.0059378026
0.99997437 0.007161016 -7.777262e-05 -0.007843277 -0.0071610208 0.99997437 -5.7781486e-05 -0.007843277 7.735685e-05 5.8336936e-05 1.0 -0.007843277
0.9999718 0.0075082867 -0.0002140124 -0.007600791 -0.0075083 0.9999718 -6.0356037e-05 -0.007600791 0.0002135532 6.1961204e-05 1.0 -0.007600791
0.9999964 0.0026691605 -0.00013253937 -0.00702863 -0.002669164 0.9999964 -2.6612217e-05 -0.00702863 0.00013246787 2.696589e-05 1.0 -0.00702863
0.99998236 0.0059446194 1.0671171e-05 -0.007904237 -0.005944619 0.99998236 -3.0991076e-05 -0.007904237 -1.0855213e-05 3.092709e-05 1.0 -0.007904237
0.9999922 0.0039512445 -8.1727594e-05 -0.007416244 -0.0039512473 0.9999922 -3.237041e-05 -0.007416244 8.159906e-05 3.2693086e-05 1.0 -0.007416244
0.99996907 0.007864291 -0.00011831612 -0.0044485717 -0.007864296 0.99996907 -4.6836038e-05 -0.0044485717 0.00011794413 4.776506e-05 1.0 -0.0044485717
0.99998766 0.004963551 -0.00013764139 -0.004737309 -0.0049635563 0.99998766 -3.5945664e-05 -0.004737309 0.00013746128 3.662841e-05 1.0 -0.004737309
0.9999981 0.0019669926 -6.587895e-05 -0.0047702035 -0.0019669938 0.9999981 -1.6380123e-05 -0.0047702035 6.584661e-05 1.6509675e-05 1.0 -0.0047702035
0.99999857 -0.0016851252 -9.4645264e-05 0.0 0.0016851254 0.99999857 1.3169841e-06 0.0 9.4642906e-05 -1.4764714e-06 1.0 0.0
0.9999999 -0.00044249668 -7.441991e-06 0.00056060933 0.00044249662 0.9999999 -6.899699e-06 0.00056060933 7.445043e-06 6.8964055e-06 1.0 0.00056060933
0.9999999 -0.0005232423 -7.761314e-06 0.0020306376 0.0005232422 0.9999999 -8.715914e-06 0.0020306376 7.765873e-06 8.7118515e-06 1.0 0.0020306376
0.99999994 -0.0003084897 -6.330274e-06 0.007545648 0.0003084896 0.99999994 -1.3515292e-05 0.007545648 6.3344432e-06 1.3513339e-05 1.0 0.007545648
0.99998087 0.0061851814 -4.2072534e-05 0.021812659 -0.0061851824 0.99998087 -2.0468453e-05 0.021812659 4.1945128e-05 2.0728286e-05 1.0 0.021812659
0.9999567 0.00930013 -9.197922e-05 0.0054478524 -0.009300135 0.9999567 -4.9890135e-05 0.0054478524 9.151126e-05 5.0743394e-05 1.0 0.0054478524
0.9999895 0.0045801373 -0.00011548309 0.0 -0.0045801387 0.9999895 -1.2661781e-05 0.0 0.000115423885 1.3190576e-05 1.0 0.0
0.9999788 0.0065161064 -8.454092e-05 0.0 -0.006516107 0.9999788 -8.3169725e-06 0.0 8.4484935e-05 8.867673e-06 1.0 0.0
0.99999243 0.0038838303 -6.459015e-05 0.0007807637 -0.0038838312 0.99999243 -1.2287325e-05 0.0007807637 6.454195e-05 1.253809e-05 1.0 0.0007807637
0.9999935 0.003610116 -7.2117214e-06 0.0014863537 -0.003610116 0.9999935 -8.757414e-06 0.0014863537 7.180059e-06 8.783392e-06 1.0 0.0014863537
1.0 -1.3849317e-05 -2.6837579e-05 0.0 1.3849445e-05 1.0 4.775481e-06 0.0 2.6837513e-05 -4.7758526e-06 1.0 0.0
0.999998 0.0020122018 1.692059e-05 0.013783591 -0.0020122016 0.999998 -1.2479335e-05 0.013783591 -1.6945667e-05 1.2445262e-05 1.0 0.013783591
0.9999993 0.0011842854 -2.5879635e-05 0.011705468 -0.0011842853 0.9999993 2.5890768e-06 0.011705468 2.5882684e-05 -2.558426e-06 1.0 0.011705468
0.99999964 0.0008484142 -4.108118e-05 0.006716126 -0.0008484145 0.99999964 -7.2019525e-06 0.006716126 4.1075054e-05 7.236804e-06 1.0 0.006716126
0.9999998 -0.00060378615 -3.6527905e-05 0.004799197 0.00060378626 0.9999998 2.7602969e-06 0.004799197 3.652623e-05 -2.7823512e-06 1.0 0.004799197
0.9999907 -0.0043176655 -6.1824954e-05 0.002599727 0.004317666 0.9999907 3.7708937e-06 0.002599727 6.1808096e-05 -4.037798e-06 1.0 0.002599727
0.9999998 -0.0005980761 -2.5107944e-05 0.0024053596 0.0005980765 0.9999998 1.5401076e-05 0.0024053596 2.5098729e-05 -1.541609e-05 1.0 0.0024053596
0.99999475 -0.0032317298 -3.6204146e-05 0.019780617 0.0032317296 0.99999475 -5.0813774e-06 0.019780617 3.622038e-05 4.964349e-06 1.0 0.019780617
0.99999493 -0.0031831237 -3.8541206e-05 0.0017459617 0.0031831244 0.99999493 1.7128983e-05 0.0017459617 3.8486483e-05 -1.7251577e-05 1.0 0.0017459617
0.99999976 -0.00065256766 -2.8524528e-05 0.004127599 0.0006525683 0.99999976 2.2284798e-05 0.004127599 2.8509978e-05 -2.2303408e-05 1.0 0.004127599
0.99999976 0.0006510465 -5.8525206e-06 0.0012056713 -0.0006510465 0.99999976 5.4876664e-06 0.0012056713 5.8560922e-06 -5.4838547e-06 1.0 0.0012056713
0.999999 -0.0014176649 -4.5924135e-05 0.00025898655 0.0014176664 0.999999 3.256898e-05 0.00025898655 4.5877918e-05 -3.2634052e-05 1.0 0.00025898655
0.9999883 0.0048327693 6.881978e-05 0.000260618 -0.0048327693 0.9999883 -2.9627035e-06 0.000260618 -6.88333e-05 2.6300788e-06 1.0 0.000260618
0.9999876 -0.0049840147 -5.9326526e-06 0.005083218 0.0049840147 0.9999876 3.5818168e-05 0.005083218 5.7540606e-06 -3.584729e-05 1.0 0.005083218
0.999994 -0.0034683847 3.7350044e-05 0.0018220781 0.0034683833 0.999994 3.336555e-05 0.0018220781 -3.7465543e-05 -3.3235807e-05 1.0 0.0018220781
0.9999771 -0.00676334 5.1719027e-05 0.0018753497 0.0067633386 0.9999771 2.7887645e-05 0.0018753497 -5.190646e-05 -2.7537213e-05 1.0 0.0018753497
0.99999505 -0.0031488454 2.7558473e-05 0.01257398 0.0031488442 0.99999505 3.760086e-05 0.01257398 -2.7676735e-05 -3.7513895e-05 1.0 0.01257398
0.99996805 -0.007992022 1.2658338e-06 0.0016510836 0.007992022 0.99996805 5.7992223e-05 0.0016510836 -1.7292684e-06 -5.7980258e-05 1.0 0.0016510836
0.99998283 -0.0058613685 4.422455e-05 0.003403515 0.005861366 0.99998283 5.493685e-05 0.003403515 -4.4545795e-05 -5.4676686e-05 1.0 0.003403515
0.99996316 -0.008583807 -1.2810678e-05 0.0032240646 0.008583807 0.99996316 4.435972e-05 0.0032240646 1.242943e-05 -4.4468048e-05 1.0 0.0032240646
0.9999718 -0.007509588 -2.4953728e-05 0.0028749667 0.0075095887 0.9999718 3.9482984e-05 0.0028749667 2.4656525e-05 -3.9669263e-05 1.0 0.0028749667
0.9999632 -0.008574393 2.2442313e-05 0.0033267117 0.008574392 0.9999632 5.0320625e-05 0.0033267117 -2.2872957e-05 -5.0126346e-05 1.0 0.0033267117
0.99999124 -0.0041893586 1.4121163e-05 0.0012344659 0.004189358 0.99999124 3.4673478e-05 0.0012344659 -1.4266298e-05 -3.4614015e-05 1.0 0.0012344659
0.9999547 -0.009518469 4.789667e-05 0.001886375 0.009518466 0.9999547 4.9388706e-05 0.001886375 -4.8364604e-05 -4.8930564e-05 1.0 0.001886375
0.99995595 -0.009385943 5.7806577e-05 0.0025378135 0.009385941 0.99995595 4.3953565e-05 0.0025378135 -5.8216578e-05 -4.3409058e-05 1.0 0.0025378135
0.99996364 -0.008524281 3.2587253e-05 0.0031013475 0.008524279 0.99996364 5.44203e-05 0.0031013475 -3.3049964e-05 -5.414054e-05 1.0 0.0031013475
0.9999692 -0.0078516435 7.4940044e-06 0.014158726 0.007851643 0.9999692 8.4836e-05 0.014158726 -8.1598755e-06 -8.477455e-05 1.0 0.014158726
0.99995494 -0.009490861 5.2926225e-05 0.002110332 0.009490857 0.99995494 6.146081e-05 0.002110332 -5.3507156e-05 -6.0955725e-05 1.0 0.002110332
0.99995714 -0.00925914 6.927378e-05 0.0013931404 0.009259135 0.99995714 6.9641974e-05 0.0013931404 -6.991564e-05 -6.899757e-05 1.0 0.0013931404
0.99991435 -0.013088861 2.1400328e-05 0.0014793286 0.013088859 0.99991435 7.282999e-05 0.0014793286 -2.2351756e-05 -7.254365e-05 1.0 0.0014793286
0.9998959 -0.014432184 5.6001256e-05 0.0014207857 0.01443218 0.9998959 8.5127904e-05 0.0014207857 -5.7224006e-05 -8.4310814e-05 1.0 0.0014207857
0.9999406 -0.010902458 8.5847525e-05 0.0018328148 0.010902452 0.9999406 6.249311e-05 0.0018328148 -8.652375e-05 -6.1553445e-05 1.0 0.0018328148
0.9999221 -0.012480376 3.8436247e-05 0.0014879958 0.0124803735 0.9999221 7.445656e-05 0.0014879958 -3.9362498e-05 -7.397106e-05 1.0 0.0014879958
0.99995214 -0.009781469 9.123216e-05 0.0016141258 0.009781463 0.99995214 6.7506415e-05 0.0016141258 -9.1888105e-05 -6.66108e-05 1.0 0.0016141258
0.99990994 -0.01342111 1.3814029e-06 0.0015815716 0.01342111 0.99990994 8.618373e-05 0.0015815716 -2.5379597e-06 -8.615743e-05 1.0 0.0015815716
0.9999006 -0.014098931 4.0066607e-05 0.0020694437 0.014098927 0.9999006 9.022306e-05 0.0020694437 -4.133467e-05 -8.96492e-05 1.0 0.0020694437
0.99996066 -0.008872237 4.7103116e-05 0.0016181257 0.008872232 0.99996066 8.602039e-05 0.0016181257 -4.7864454e-05 -8.5599095e-05 1.0 0.0016181257
0.9999463 -0.010364431 3.966664e-05 0.001634804 0.010364427 0.9999463 9.642847e-05 0.001634804 -4.0663934e-05 -9.601217e-05 1.0 0.001634804
0.99997354 -0.0072757476 4.4919554e-05 0.0019138415 0.007275745 0.99997354 6.377942e-05 0.0019138415 -4.5382407e-05 -6.3450905e-05 1.0 0.0019138415
0.99989384 -0.0145692555 6.157253e-05 0.0016415482 0.014569249 0.99989384 0.000105560146 0.0016415482 -6.310392e-05 -0.000104651874 1.0 0.0016415482
0.9999378 -0.011155961 6.33798e-05 0.0019586098 0.0111559555 0.9999378 8.557237e-05 0.0019586098 -6.4330496e-05 -8.485998e-05 1.0 0.0019586098
0.9999274 -0.012047371 5.3966927e-05 0.0021943504 0.012047364 0.9999274 0.00011500013 0.0021943504 -5.534846e-05 -0.00011434163 1.0 0.0021943504
0.9999386 -0.01107953 4.7041514e-05 0.002221101 0.011079525 0.9999386 0.00010572318 0.002221101 -4.8209993e-05 -0.00010519549 1.0 0.002221101
0.9999454 -0.010447388 5.1752217e-05 0.0048057735 0.010447383 0.9999454 8.3733175e-05 0.0048057735 -5.2624186e-05 -8.318793e-05 1.0 0.0048057735
0.9998814 -0.015400115 4.4897486e-05 0.0024029566 0.015400111 0.9998814 9.091811e-05 0.0024029566 -4.6292313e-05 -9.021591e-05 1.0 0.0024029566
0.9999185 -0.012763739 0.00012646215 0.0036362458 0.01276373 0.9999185 6.893772e-05 0.0036362458 -0.00012733176 -6.7317975e-05 1.0 0.0036362458
0.9999647 -0.008399881 4.385721e-05 0.0035732044 0.008399876 0.9999647 0.000115372815 0.0035732044 -4.4824777e-05 -0.000115000345 1.0 0.0035732044
0.9999117 -0.013286736 6.478192e-05 0.0029347227 0.013286728 0.9999117 0.00011799202 0.0029347227 -6.634393e-05 -0.000117120864 1.0 0.0029347227
0.9998677 -0.016268248 3.5517016e-05 0.0029759682 0.016268244 0.9998677 0.00012767913 0.0029759682 -3.7589434e-05 -0.00012708444 1.0 0.0029759682
