0.9999995484885251 -0.00044178976012674106 -0.0008413349826426989 0.5777630668428095 0.00044199044176956257 0.9999998739203968 0.0002383351426474662 -0.13153380484347751 0.0008412295451665748 -0.00023870639473291168 0.9999995176759434 -0.8055361984748945
0.9999997389074585 -0.0004816821844178327 -0.0005386717808483764 -0.0007678962113168986 0.0004824380672421156 0.9999988980849513 0.0014039524189506086 0.014410452250748051 0.0005379949213772268 -0.001404211309289677 0.9999987693752795 -0.0030388029188349597
0.9999990199125581 -0.001299762595015229 -0.0005203759411475308 0.5798464093069204 0.0013001393748777854 0.999998892486867 0.0007243360029625429 -0.1157378974506863 0.0005194338951961192 -0.0007250113033865287 0.9999995022734005 -0.8067478959131973
0.9999981077979323 -0.0018629953185453037 -0.0005600437474363326 -0.0011880643811092995 0.001864297311042209 0.9999955400199266 0.0023333100503579243 0.029113058507482276 0.0005556942958103772 -0.0023343490114959473 0.9999970210048389 -0.00586275263401459
0.9999988511219157 -0.0014514355857881906 -0.00043713795281515575 -0.5774967540872309 0.0014525905538719868 0.9999954245913911 0.002653446243278107 0.17408825552186383 0.0004332846503305225 -0.0026540774334410802 0.9999962840617953 0.7984073245882959
0.9999993076109622 -0.0011305714227079803 -0.0003264748920723275 -1.1554016707745305 0.0011317123451713958 0.9999931790367873 0.0035158366098847365 0.3195059979809146 0.00032249777562858375 -0.0035162028211855917 0.9999936661363984 1.6014511954548656
0.9999995533449055 -0.000944870791042794 2.3003876377970244e-05 -0.5758956202513167 0.0009447874295509112 0.9999938118313715 0.0033887572466069983 0.18973995584438919 -2.6205622157711703e-05 -0.0033887331819277065 0.9999941578832832 0.7968808863442773
0.9999990293975969 -0.0013929882723784004 2.8063103719429965e-05 -1.1551018661905603 0.0013928726829977125 0.9999919335410361 0.0037673277728974604 0.3278296660436689 -3.3310670221618186e-05 -0.0037672841728558382 0.9999928032042883 1.6002806794558668
0.9999998685379707 -0.00050616267838865 -8.199624863258694e-05 -0.5745788627755332 0.0005062990208499553 0.9999984754284474 0.0016711678796050913 0.19666670746092418 8.115027947686465e-05 -0.001671208528959885 0.9999985002372228 0.7966705801548113
0.9999992683616304 -0.0011975450864681531 0.00017076876180271338 -1.1514458289133316 0.0011970127088456594 0.9999945268403779 0.0030843880856390223 0.34539558676935556 -0.00017446145639983136 -0.0030841806297709383 0.9999951286846617 1.5998543043959583
0.9999988991882991 0.0014804414610627393 9.957544812729621e-05 -0.5762611723101008 -0.0014804883133620011 0.9999987925488603 0.0004722871747442406 0.204684424010219 -9.887607866467893e-05 -0.0004724335493478192 0.9999997835150126 0.7940237703051691
0.9999993950004227 0.001095423827141881 0.00010022687696016222 -1.1552275838156105 -0.0010955038537942348 0.9999990782555727 0.0008020968220441707 0.3411020894582266 -9.934809265971693e-05 -0.0008022055769622067 0.999999573297998 1.5978819578751517
0.9999987906082812 0.0015532876706973405 7.797042005226868e-05 -1.7296317738793658 -0.0015533915891247686 0.9999978806813151 0.001351150417221718 0.48975099039084014 -7.587147614436979e-05 -0.0013512692880757204 0.9999989841569041 2.402843572590071
0.9999992184483152 0.0011869895321284319 0.00039263037210929665 -2.3051627003196753 -0.0011881685519052499 0.999994744648544 0.0030164434001199274 0.6407268491197351 -0.0003890477370866758 -0.0030169067734583843 0.999995273446524 3.2065663566814973
0.9999993145995718 0.0011151371948719714 0.00035674840277845636 -1.7300788251429289 -0.0011156211011162634 0.9999984540146407 0.0013591754441246294 0.4986239542728904 -0.0003552321026336475 -0.0013595718941103046 0.9999989126866228 2.4009081325974457
0.9999958629452017 0.0027906105561898323 0.0006975565966057332 -1.1623291635842166 -0.0027905546097941165 0.9999961031032144 -8.113788405396978e-05 0.35260648916664944 -0.0006977801875575802 7.919144928708474e-05 0.9999996534157067 1.5907605593223835
0.9999914950750347 0.004003655375295947 0.000990212720967397 -1.7345373961142938 -0.004004209820421758 0.9999918271035428 0.0005585963060268438 0.502879690804355 -0.0009879680575422061 -0.0005625560397985176 0.9999992537246359 2.396983588989184
0.9999732960895028 0.007280417576198367 0.0006345295983832016 -1.158493979198599 -0.007279904891474468 0.9999731758738623 -0.0008065466597400403 0.35623869582753453 -0.0006403844670695814 0.0008019062052702007 0.9999993734268946 1.5928254757098976
0.9999703556863506 0.007566182914685571 0.0014285043277051485 -0.5798446953274637 -0.007561816550538053 0.9999667952937393 -0.0030376373098810043 0.22395821132001054 -0.0014514400260936704 0.0030267453496731563 0.999994266050785 0.7880480218655014
0.999986784699238 0.004966058545462595 0.0013299208258997497 -1.1610906952994289 -0.004962669877734962 0.9999844618084063 -0.0025393009742697447 0.3627869460646789 -0.0013425103002268177 0.002532667684049939 0.999995791621397 1.5898457154329515
0.9999878083970064 0.004912168075769095 0.0005036488340205458 -1.7397175376228646 -0.00491120190901476 0.9999861313058743 -0.0019019179056764914 0.5107997766706918 -0.0005129842940043383 0.0018994214858861563 0.9999979645204989 2.391894997415977
0.9999878946512968 0.004826429562457146 0.0009571460412236859 -2.3131236328950893 -0.004827674188777425 0.9999874986430204 0.0013023515665451489 0.6704781024603212 -0.0009508482281874531 -0.0013069559809767007 0.9999985938758716 3.1954546735524922
0.9999818379450641 0.005911342391323339 0.0011746536267345231 -1.7424533888019735 -0.005910861791234571 0.999982445757059 -0.00041217789414836007 0.5282296819663176 -0.0011770693698238714 0.0004052276311270188 0.999999125148755 2.3866897332776937
0.9999871049379139 0.004745828151088423 0.0018075046470763026 -2.3198288371515137 -0.00474581702957726 0.9999887384925372 -1.0431979108348833e-05 0.6705742202756957 -0.0018075335752114933 1.8542367546712138e-06 0.99999826640797 3.1906645431099894
0.9999845395059684 0.005099182063873682 0.0022179024583514643 -1.7441374478811142 -0.005098268657103576 0.9999869166796083 -0.00041728444799308916 0.5264573393498969 -0.002220000984100234 0.00040597097208805536 0.9999973533881023 2.385798330963482
0.999981288995247 0.005718643820047188 0.002172273524159133 -1.1676467641588268 -0.005716643710971177 0.9999832312691305 -0.000925832182890559 0.3902344456838566 -0.002177531340827981 0.0009133971332511114 0.9999971120273016 1.5801298600269191
0.9999730916746877 0.00690946870007626 0.0024647857612954565 -0.5976195948422929 -0.006903353490948784 0.9999730939049939 -0.002480962847960876 0.2449449007537866 -0.002481861287262667 0.002463881034409272 0.9999937848080886 0.7714520232776125
0.9999732898151918 0.0068836151072939515 0.0024567253075343503 -0.02529515443477426 -0.006877309131824597 0.9999730585183145 -0.0025660975492887562 0.10209007857165717 -0.0024743228568959255 0.0025491335728241925 0.9999935898016717 -0.0360361217428008
0.9999705763925923 0.007258814505654845 0.002481120923955588 0.5505190737631831 -0.007251604109271978 0.9999694934043574 -0.0029028431708631674 -0.04374051409381721 -0.002502116140243325 0.002884765842377653 0.9999926087431154 -0.8405056882768396
0.999968515069127 0.007571482321317329 0.002375189656224425 1.1239887820327619 -0.007554617764965383 0.9999467472439091 -0.007030677545595602 -0.17045290232976476 -0.0024282955358237244 0.007012512312776037 0.9999723636440457 -1.649873548647989
0.9999631958221012 0.008246921350480076 0.0023654364265363317 0.5486833141591512 -0.008232168057332812 0.9999470157515445 -0.006180380138439068 -0.016779572260123887 -0.0024162799203597614 0.0061606798672013355 0.9999780035655418 -0.8465006606001412
0.9999617945986891 0.00841767201692083 0.0023562981100549315 1.1268802778629357 -0.008402297103420728 0.9999438294916523 -0.006460593235493194 -0.16364792519638638 -0.00241054862691507 0.006440547923935322 0.9999762540169456 -1.6490701774100327
0.9999548272681852 0.009009569802536527 0.0030283782831735506 1.6979457402278997 -0.008982079758935311 0.9999194121522914 -0.008971702414800217 -0.3024191627314118 -0.0031089650587069755 0.008944095587658811 0.99995506773574 -2.4581601912299473
0.9999454803031083 0.009863713178629939 0.0034268912610583794 2.2635768538293064 -0.009829695660558805 0.9999036092399698 -0.009805575561999357 -0.44708231132570597 -0.0035232799311423544 0.009771355168585277 0.9999459520977633 -3.2700307997660056
0.9999430302684192 0.010145970055542637 0.00331594771410811 2.8380931028649403 -0.010107786556246614 0.9998846589719389 -0.0113358459544293 -0.5871839436358023 -0.003430578018143324 0.011301682611324946 0.9999301491127373 -4.076444144285824
0.9999250836269044 0.0119512555721282 0.0026447351430926433 3.413068198707534 -0.011916820407555656 0.9998486684147422 -0.012673975723526597 -0.7373543309132952 -0.002795804513706962 0.01264150861631371 0.9999160843475973 -4.880715469551526
0.9999012590946282 0.013726298097245336 0.0030101165295583483 3.975997844930965 -0.013679905809843126 0.999795014625686 -0.014926114921768967 -0.8838359082319207 -0.003214379441121517 0.014883461983735224 0.9998839684304341 -5.694136165530405
0.9998737992263449 0.015678871060067708 0.0025609808581084402 4.5456216795492725 -0.01563174021860396 0.999724850312629 -0.017489207104082537 -1.0336347868610394 -0.002834486905654924 0.017446966099511473 0.999843672309782 -6.502275294918604
0.999892067233503 0.01447489006798591 0.0025162354878922755 5.122427348992244 -0.014420229197688676 0.9996852179605894 -0.020531000486441832 -1.1761418524031448 -0.0028126270762873482 0.020492498256056917 0.9997859504134686 -7.306630208271643
0.9998724890708214 0.015816028877466942 0.0022042753604640517 5.691849991159437 -0.015753747437235958 0.9995410886638468 -0.02587337462286083 -1.3177856977882292 -0.002612477533465909 0.025835347782966485 0.9996626979967188 -8.11638001196215
0.9999195838308582 0.012504799229252949 0.0021108926441869473 6.262900384622744 -0.012434322191074458 0.9994536210772931 -0.030624286883682 -1.452728801899286 -0.0024926895661054444 0.030595574095836315 0.9995286375809769 -8.926127920695887
0.9999097504390777 0.013390609135167774 0.001087457514669579 6.835607727905838 -0.013344517092762973 0.9993018566887477 -0.034895889184565494 -1.5963564675869197 -0.0015539753304295192 0.03487822524143662 0.9993902613917599 -9.733207385425477
0.9999405247035446 0.010883526478192856 0.000704206641759828 7.406891259077856 -0.010844709483379195 0.999071707642274 -0.04169070957623998 -1.7181494402509325 -0.0011572947166096157 0.04168058940295933 0.9991302163061484 -10.5448732446988
0.9999779220606712 0.006598308958667062 0.0007859453567689657 7.982521753973149 -0.006554690443136065 0.9988994493857277 -0.0464427179446124 -1.8400552668770869 -0.0010915236334514795 0.04643653679118484 0.998920545702714 -11.353445054788644
0.9999909934462814 0.004151824222900515 0.0008805577421650771 8.553858009890549 -0.004098948448646834 0.9985680787881076 -0.05333845373687832 -1.9540910762873585 -0.00110074858244337 0.05333435912498393 0.9985760033614339 -12.166199990039983
0.9999992071000673 0.000837399778481149 0.0009405109484412973 9.12974080710672 -0.0007819285196932723 0.9983448067729181 -0.05750682896258818 -2.0759232561745686 -0.0009871102820508256 0.05750604268021036 0.9983445701102209 -12.974603226772501
0.9999844530510503 -0.005461390456802258 0.0011255534045459935 9.698498574537433 0.005522248839956957 0.9979332176638652 -0.06402185447791836 -2.173371120143876 -0.0007735786590432253 0.06402706879392168 0.9979477621788253 -13.791315160334314
0.9999044181154813 -0.013751037833608367 0.0014365206701723173 10.27448255094809 0.01381881063546296 0.9973043545562755 -0.07206292289179904 -2.247423548780447 -0.00044170824337317276 0.07207587925789628 0.9973989535401756 -14.60541500936511
0.9997463405899379 -0.022368176748147128 0.002630426959207771 10.29833141842114 0.022505402937484407 0.9966837122136049 -0.07819900668631986 -2.251295164039825 -0.0008725343587750087 0.07823836224304079 0.9969341991111189 -14.639213720091105
0.9994634111868497 -0.03249921314461329 0.004085442904223529 10.320516142845854 0.032727818451766054 0.9959156699646464 -0.08414789491279716 -2.254769999536304 -0.001334016039048615 0.08423644177876416 0.9964448014203642 -14.670208700164961
0.999185110020015 -0.040081933202687034 0.004749162560062714 10.901194478878299 0.04035069489194903 0.9947811887045453 -0.09371343564988568 -2.30232764481842 -0.0009681617463164967 0.09382869261088012 0.9955877857355293 -15.482951469016024
0.998974878491257 -0.04507788630884406 0.0041444311191680405 11.484015228215691 0.04526615924032976 0.9939124122981987 -0.1004444697691272 -2.371266425486103 0.00040862288463318147 0.1005290948822871 0.9949339345451508 -16.292622567398826
0.9985291664128768 -0.054008299038045 0.004754730046852593 12.060803872171551 0.054204440379757496 0.9925461624884717 -0.10915124356837229 -2.4028362229117017 0.0011757838961672007 0.10924841728215305 0.9940136824277532 -17.10890565237034
0.997961555558872 -0.06350979227771318 0.0062641768297334805 12.082699635618257 0.06380549264334999 0.9910070226844407 -0.11761777118554886 -2.4045965908212765 0.0012620369373251663 0.11777769147576886 0.9930390841519863 -17.13967452014648
0.9974022110078532 -0.07154842029833963 0.008345839050324273 12.104272864070571 0.07202930599060649 0.9893723740441918 -0.12630947928270497 -2.405830031242705 0.0007801011196421885 0.12658248671433378 0.9919556771849571 -17.169736624359786
0.9965956384136112 -0.08171055856834669 0.01097807421232796 12.125946066345406 0.08244455232423137 0.9874423994337823 -0.13476054167488608 -2.4064869284674377 0.00017114326055513583 0.1352068374252423 0.990817279736005 -17.19996606154345
0.9957093449958802 -0.09161586185669444 0.013016687140989918 12.14724659556485 0.09253524112221849 0.9852547116261579 -0.1439110224024084 -2.4066136559769076 0.0003597800672844462 0.14449803815454326 0.9895049204161642 -17.229984684309546
0.9950642714420622 -0.09822731126032319 0.014088684184180866 12.170158058772747 0.09922022357978884 0.9826258760801284 -0.15684940194509467 -2.405504832189895 0.0015629893240407277 0.15747310298559591 0.987521938440088 -17.263291393649947
0.9944697882922141 -0.1041020355281419 0.013878269810478945 12.18960989392963 0.1049376876705274 0.9796208123544772 -0.17126338110732853 -2.4043880986505592 0.004233424312034656 0.17177259518141025 0.9851274301648724 -17.290754513597918
0.9937186907154097 -0.11098926040087868 0.014302020784275948 12.765066006276331 0.11172470587495775 0.9766741624923999 -0.18337167288575443 -2.3569681375506075 0.0063838716419438455 0.1838177298402403 0.9829395141000526 -18.107211172981618
0.9929675927214235 -0.11713740102505327 0.017151941176241678 13.343559089263914 0.11821105663178037 0.9731506958026764 -0.1974939729428753 -2.2778352217481337 0.006442506677132924 0.19813264462671631 0.9801539416035352 -18.91905081395257
0.9919872683300901 -0.12465667269439647 0.020541991718529082 13.365435516913125 0.1261857204006246 0.9696302320020415 -0.20950984977952503 -2.275982180385322 0.006198664061069843 0.21042318901032575 0.9775906393223037 -18.949878391662175
0.9908737112511041 -0.13292477984911927 0.022367191453617347 13.384438444484793 0.13456730540803874 0.9658877655062147 -0.22125203899767273 -2.273317074163888 0.007805681331079884 0.22224269991865134 0.9749600267045996 -18.976457983765386
0.9895459027929256 -0.142309880981712 0.02338384144448937 13.402738973018291 0.14383233250199437 0.9619847690594533 -0.23215848945206075 -2.2701878724860816 0.010543546751631138 0.2330948116378779 0.9723967515419856 -19.002183581879184
0.9885180788554695 -0.14907395497308504 0.024677190370275322 13.981172245486949 0.15055832322780505 0.9578836408996187 -0.24452223171670673 -2.1311333571470437 0.012814018038439434 0.24542997904655764 0.9693295241180495 -19.805973767003355
0.9870558058516575 -0.15805687199352322 0.027182004160002163 14.001000069999357 0.15972045809282043 0.9534697040771589 -0.25570470991679306 -2.1267776200186597 0.014498667813286188 0.25673631543852204 0.9663726263541922 -19.83350121091541
0.985599391113977 -0.1664621194128647 0.02973555172401078 14.020371786019657 0.16831228149024866 0.9488147215611811 -0.2672481993359778 -2.121947974827263 0.01627317094033404 0.26840449469967065 0.9631687345073908 -19.860552965526963
0.9842825931865384 -0.1736539893355176 0.0321258266483438 14.041622704948045 0.1756737826241745 0.9441673427877773 -0.27872343086217066 -2.1163461657618643 0.01806927763200183 0.27998625924315895 0.9598338376202872 -19.890803385247466
0.9827569434087313 -0.18162251832580983 0.03467060742061763 14.063226997400484 0.18381607246122464 0.939362905329487 -0.2894978127652645 -2.1100962373391248 0.02001103742065167 0.2908789718357162 0.9565504597903622 -19.921482535846692
0.9812456354709943 -0.18881203788399867 0.03882031966911167 14.086901852459276 0.19167268685297809 0.9343366755481631 -0.30046057618290567 -2.102032939401052 0.020459323360980386 0.3022663941976735 0.9530038001111826 -19.955366277913107
0.9796961236714279 -0.19567974448842593 0.04364565110201242 14.108870426934612 0.19948385204430527 0.9296468424228881 -0.3097788584566681 -2.0959251971773707 0.020042404275037718 0.31219571864829976 0.9498062619758594 -19.986874027287715
0.9780574154226649 -0.20268184888825982 0.048205396668519016 14.129951180530407 0.20734951540686208 0.9245271917870022 -0.3197743737496423 -2.0886128914855373 0.020245259407937848 0.3227530313048135 0.9462665640584932 -20.017242525419466
0.9768993363958207 -0.20723631314600058 0.052161260175097354 14.67413760994329 0.21265441499849672 0.9186005610631663 -0.33309324369623616 -1.8449704149750683 0.021113650930688427 0.33649085777369764 0.9414499011519972 -20.820049690658898
0.9753039251367167 -0.2141260643277806 0.05415055113667392 15.220435739397487 0.21954735907839437 0.9131261407229139 -0.3435107105319668 -1.5950949321238177 0.0241083104628024 0.34691592053837356 0.9375862272045434 -21.619499794651457
0.9741103267509499 -0.21875409457803124 0.057058894332960935 15.756783017654579 0.22451610737729477 0.9065108627904628 -0.3575340168026456 -1.3146831739031084 0.026487520098870572 0.36108818309383417 0.932155317159653 -22.415553006421693
0.9734897642167751 -0.22106876314513216 0.05870503323093699 16.306210063048226 0.22689432948695937 0.9008711150372473 -0.37006782802373794 -1.0456021907663524 0.02892476553734833 0.37357704486253396 0.9271479652624999 -23.206580958469097
0.9725063311565886 -0.22449995606003725 0.061896733269126814 16.848430586441456 0.2308035606836603 0.893796053717726 -0.38452351128944134 -0.7369071301559728 0.031002452510010693 0.3882374972342028 0.9210376179503714 -23.988056576233877
0.9720800175334117 -0.2259312940610975 0.06336789310144546 17.399153051454213 0.23224885133938797 0.8878552640783158 -0.3972071261948301 -0.4394495888939167 0.0334799993761787 0.40083419091135386 0.9155385524587258 -24.767943526872116
0.9708794886750626 -0.23043395667896174 0.06552259212915808 17.94013151298752 0.23677621936411866 0.881341310790321 -0.40886980304007625 -0.1351635991422817 0.03646971575908065 0.4124774561207281 0.910237391027545 -25.552004887599473
0.9696463206162137 -0.2349381595734236 0.06775008554746095 18.480768445606852 0.24130641346331053 0.8747486829583246 -0.4202213184551066 0.19565400182932785 0.03946172128281379 0.4238145434659312 0.9048888358799484 -26.325484882197753
0.9677025234371627 -0.24222952105817266 0.0698332675826683 19.028518602816334 0.2483471881017693 0.8684223764689418 -0.42914595443738957 0.5271713087529238 0.04330704264984352 0.43262847581341846 0.9005314552930891 -27.093642367481614
0.9656780006492334 -0.24926953746404487 0.07301162068162527 19.559961213140966 0.2555508158849283 0.8614944904997369 -0.4387721770339861 0.8823638202826809 0.04647342418154633 0.4423707740564822 0.8956272210610379 -27.862672219379782
0.9625182721023623 -0.2602795789085018 0.07624379759884059 19.580755946572772 0.26644927120016665 0.8549880097687924 -0.44497223399724267 0.8949187639648176 0.050629648033844836 0.44860896564037417 0.8922927965007051 -27.892813949836984
0.9604666181349886 -0.26652444544632925 0.08042757877656906 20.107964304497774 0.2734449184124054 0.8489243992026935 -0.45227783610605554 1.2627774018845317 0.05226616041252143 0.4563902311736178 0.8882432129574823 -28.658797795747194
0.9584102143403098 -0.27259746773698745 0.08450137058971247 20.12905619996064 0.28022872528745196 0.8427891949769266 -0.45954133040882295 1.2772013882715336 0.0540529556695667 0.4641087703204345 0.884127325273371 -28.68925203645246
0.9561947943222031 -0.27943445676530054 0.08722327489493413 20.666929309610587 0.28704655400710666 0.8366015250070764 -0.46658564507330935 1.6804005596620222 0.057408975913277094 0.47118385868126894 0.88016463278345 -29.42960521984945
0.955142494485169 -0.2823419781679064 0.08936342984061472 21.184205378422327 0.2900900298666346 0.8312808868140238 -0.47415172865830824 2.097326834961974 0.05958682003903599 0.4788058574106173 0.875896204916385 -30.176999250835262
0.9537359038420048 -0.28644702469030636 0.09130130211963848 21.6938017335725 0.29418564823221716 0.8265529153950992 -0.4798594402802239 2.5055006542286553 0.061988945477717834 0.4845186616715714 0.8725817079967673 -30.934432794466332
0.9525314227212978 -0.28966560691202164 0.09368951329165438 22.197072434102072 0.2977357966730496 0.8221164775039412 -0.48526064418616677 2.9459785155718796 0.06353962019513403 0.4901206850449111 0.8693355110408012 -31.677869237462794
0.951602930466334 -0.2918666040966875 0.09625875617807352 22.71590590965406 0.30052174263060333 0.8181392025080556 -0.4902396633543081 3.397462738088241 0.0643315174777021 0.49544130026261807 0.8662558362591897 -32.403798790333084
0.9503976801052642 -0.29520499072504114 0.09797072573762464 23.239736234324667 0.30403550863929446 0.8152578578304013 -0.4928661428138765 3.839903688441961 0.06562513475029819 0.49820536871993687 0.8645718895890859 -33.13170516487636
0.9484077480327399 -0.3006885664509204 0.10054416679824879 23.752782692338048 0.30983541188219915 0.8116987828587189 -0.4951233214558372 4.300928516599792 0.06726633739704005 0.5007308879339979 0.8629852940357807 -33.85574890288438
0.9471333926751043 -0.30448992649918777 0.10111489079389838 24.2696006862832 0.31333293344110497 0.8100587912633791 -0.49560793730337255 4.7560521622042815 0.06899861148081958 0.5010894027063585 0.862640366612361 -34.58084305046226
0.9460347980586106 -0.30708503865079095 0.1035226540378579 24.774465410498888 0.31665917146701855 0.8080745183395387 -0.4967318612049589 5.231009089777571 0.06888489730537845 0.5027069739616544 0.8617078212790857 -35.30162555783495
0.9447767805284215 -0.3105658059370351 0.1046217719073179 24.268306728432457 0.32035492664495036 0.8079537074264144 -0.49455386726848993 4.7747451273337935 0.06906196516852785 0.5007590608768574 0.8628271019832382 -34.56976048989354
0.9448408042011558 -0.3105806713386312 0.10399760241156768 23.750957623410947 0.320306452226163 0.8098695757287748 -0.4914418042568027 4.335184932120977 0.06840782470452376 0.4976453232290505 0.8646787274979383 -33.835501250826994
0.9446153718444513 -0.3109136757324337 0.10504515942065937 24.25640539657669 0.32106131265757315 0.8092032060404315 -0.49204654744087106 4.805259282721839 0.06798111431353425 0.49852061966820366 0.8642080535740946 -34.55907056225991
0.9441916806346197 -0.31187181471707126 0.10600962883365503 23.753385561832484 0.32238120494456085 0.8088528594471486 -0.4917595046998715 4.33349513062262 0.06761973116029948 0.49849069561316495 0.864253665508522 -33.83490930576116
0.9447208056245311 -0.3100774242923253 0.10655792023294153 24.257372028520145 0.3210423348640766 0.8088102448087187 -0.49270458402320677 4.794576692064154 0.0665914243394542 0.49967782546792294 0.8636477597609429 -34.56525260042877
0.9438927137181775 -0.31237943379513033 0.1071710517423632 23.757598764748334 0.3234098027989763 0.8085969598858229 -0.4915048890061324 4.3329772455392535 0.06687782581951694 0.4985880027130555 0.8642552631973176 -33.832345697741424
0.9436255956390056 -0.31314758248947616 0.10728153073071403 23.25679944902714 0.3242289009281808 0.8091036302169867 -0.49012950877558475 3.878845651758756 0.06668098834131983 0.49728247310163526 0.865022304764305 -33.095484495095825
0.9434494099776859 -0.31310479328639074 0.10894310090060595 23.7406362819826 0.32490636172607135 0.807989193805273 -0.49151736368497795 4.357532049718305 0.06587158789813258 0.4991180237713745 0.8640265807568308 -33.82812434097624
0.9433460803689647 -0.3133826152596354 0.10903902560798719 23.237097173308705 0.32526148457319387 0.808403159491675 -0.49060095635569123 3.9048610690563406 0.06559831158192961 0.4982726350940207 0.864535159859947 -33.092232201699055
0.9440174437821645 -0.31119548183826035 0.10949172534231846 23.733231810461973 0.3235090874984439 0.808276298306774 -0.4919667630048011 4.3698850351179495 0.06459826114567019 0.49984672457927964 0.8637014047599578 -33.825446375684194
0.9442674407472286 -0.3102944359683543 0.10989250816937805 23.230197722103338 0.32296905327389647 0.808762770254773 -0.49152189379231853 3.9165496708452663 0.06363953329759248 0.4996199504583914 0.8639037648405186 -33.08961783260178
0.9442611451595798 -0.30971056080273524 0.11158072534793427 23.722847798896233 0.3232469655038058 0.8081546756857143 -0.49233872431477294 4.397020079452174 0.062308011473898806 0.5009644087811275 0.8632219719404428 -33.815182428376644
0.9447385274817933 -0.3075471946864419 0.11350699419872348 24.215070447805417 0.32212398157001515 0.80659827807214 -0.4956161400807465 4.880382912454374 0.06087080156433122 0.504790937175955 0.8610927100271722 -34.53911414504476
0.9450758321439141 -0.305825360728014 0.11533655202521538 24.7005182883155 0.32154776043783895 0.8066237415926358 -0.4959487647494506 5.347349986768058 0.058640503078920506 0.5057953513388375 0.8606579773421473 -35.27822309238549
0.9453615765588232 -0.3048907636494647 0.11546909459876804 24.719008307080387 0.32074172461135214 0.8062642596579432 -0.4970540108394291 5.3650101188697406 0.05844856722241507 0.5069314695414028 0.8600023547515692 -35.305702614311116
0.946159782371721 -0.30253934197603927 0.11511564958336114 24.73787451753176 0.3183915699911645 0.8056663871603489 -0.49952825821824254 5.383152755802105 0.05838213539249765 0.5092853499285651 0.8586150235205264 -35.33394095215958
0.9460691835964252 -0.30281285603322516 0.11514110504155774 25.2264133044167 0.31857867384000643 0.8050597044740118 -0.5003863515390471 5.859278859949426 0.05882795054567745 0.5100815569948977 0.8581118094096244 -36.065127439571484
0.9465516380992666 -0.300700208556133 0.11670210360524605 25.709106612032006 0.31753834431685696 0.8051618692005312 -0.5008829846121899 6.3244983137709765 0.056651528587497724 0.5111689515921752 0.8576110465921365 -36.80713681963229
0.9459943665415296 -0.3024412154069316 0.11672176187354553 25.212243293264518 0.31910945685993236 0.8052871538553608 -0.49968165303329976 5.85560020858959 0.0571297855315326 0.5099429962457893 0.8583088769114476 -36.07688939415557
0.9467527924651963 -0.29991989885217196 0.11707777001571451 25.707149258281998 0.3170349070334579 0.8050727483849324 -0.5013449286970175 6.326793630508166 0.05610719280855806 0.5117674003592841 0.8572898639577201 -36.806988523019186
0.9470930995901224 -0.298478914682637 0.1180042295794775 26.197629451821697 0.31618284446290607 0.8044611544146504 -0.5028624661924896 6.804082847483411 0.0551640190694064 0.5135684337550445 0.8562734346285095 -37.53611407902566
0.9479734625370467 -0.2955811583653298 0.1182289860606482 26.21685351426394 0.3137672802029293 0.8047227131827493 -0.5039558004050059 6.822848673739712 0.053818283621482804 0.5148330613609324 0.8555993871420033 -37.56498878748904
0.948558988080997 -0.29368838289572746 0.1182496506669002 26.71406532604734 0.31201500614487193 0.8038311943326042 -0.5064603113356799 7.304250229987116 0.053688746736612065 0.5173030945438499 0.8541164012294881 -38.28681484084385
0.9493498913912084 -0.29070587054171565 0.11926810364922318 27.19991663708477 0.3100069573025144 0.8045713315709682 -0.506518172268434 7.772863630262549 0.05128810431119062 0.5178368623339932 0.8539404630091323 -39.024615542537425
0.9507737316761717 -0.2856307755055914 0.12018473796051708 27.68410609597497 0.3060498327088043 0.804670934166009 -0.5087614250386072 8.245235631039673 0.04860875034372588 0.5204994658855798 0.8524771524227788 -39.76111072374267
0.9515272177977581 -0.2828167605307987 0.12087445450929385 27.702092807891248 0.303925321438828 0.804332497476545 -0.5105669716025978 8.262746389943166 0.04717364053842612 0.5225551255450985 0.8512993529921773 -39.78821482355154
0.9515417135080864 -0.2833672640131325 0.11946280232692916 27.210548687409087 0.30367546626256975 0.8046148600869171 -0.5102706518285375 7.795249337652982 0.04847244787731228 0.5218216807811039 0.8516762032976891 -39.05348305249544
0.9512899237731254 -0.285014337293669 0.11753428633708649 27.22842026416133 0.3040654785622485 0.8044208508128413 -0.5103442754888644 7.812501887030613 0.05090839995403181 0.5212234341996923 0.8519003852887972 -39.080338117769855
0.9513055883745336 -0.285671544746862 0.11579916255880307 26.735207058687124 0.30403009443961826 0.8076158737708324 -0.5052942727840974 7.375397530693254 0.050826948713160576 0.5158956445854979 0.8551421549556686 -38.32822083825865
0.9497414061205959 -0.2905882583922648 0.11640328854727437 26.75507176531514 0.3086853733967623 0.8076075980774278 -0.5024771714003609 7.394251846527199 0.052005780838439396 0.5131553169564632 0.8567186349313859 -38.35752194811771
0.9495748954658011 -0.29022477376059397 0.11864694937806648 26.273080420628183 0.3095651406416671 0.8077528765432236 -0.5017018179513116 6.918559355279058 0.04976887717240545 0.5131323599667856 0.8568652402915622 -37.62172245859822
0.9488686174428078 -0.2923504189520685 0.11907803899427133 25.774298627256435 0.31169602895219306 0.8080261739051687 -0.49993928413318994 6.447184951586383 0.049939282121628646 0.5114927984544645 0.8578350571236867 -36.89438293128906
0.9491455578205118 -0.29073155912813514 0.12082164788029914 25.28851705241537 0.31126218364367525 0.8088483608506543 -0.4988789253742625 5.987470503412504 0.047313451408726226 0.511115875121791 0.8582084825462172 -36.150959245362415
0.9499414578008306 -0.2882251494798648 0.1205715138767873 25.774072091315485 0.30893080215541596 0.8089628404115983 -0.5001408624705728 6.457431740926607 0.04661529603856706 0.5123527436384842 0.857508880572881 -36.88809738058661
0.9500164144225526 -0.2883856918210659 0.11959308124051338 25.28669576920392 0.30858589457973057 0.809273823317944 -0.49985060223909206 5.994015548647497 0.047366207091250445 0.5117709640429798 0.8578150865940218 -36.14802330086013
0.9504982920350907 -0.28682221909354144 0.11952410414903719 25.77335437657909 0.30717483039222176 0.8093106666537608 -0.5006594335613319 6.465455101055092 0.046868112838519826 0.5125906820258772 0.8573528869136694 -36.88348780697511
0.9505515630017998 -0.28671237806167754 0.11936389044032918 26.27286150465883 0.3069978903739639 0.8093568144749885 -0.5006933614187759 6.93082417794403 0.046947001698368816 0.5125792689492334 0.8573553942648313 -37.614188938859584
0.9503033935400832 -0.28675182213381445 0.12123057670875464 26.755505394946713 0.30798578512729724 0.8090221251165536 -0.5006275633956005 7.41254879853716 0.04547764285989815 0.5130853158088374 0.857131870076743 -38.34562325424361
0.9511201509997241 -0.2839717703576777 0.12136923828626171 26.265699174797998 0.305784739025402 0.8110138469969145 -0.49875067253932603 6.960482476079597 0.04319897446912021 0.5114846250582601 0.8582057602543978 -37.600153070192185
0.9513728609714215 -0.28311378984431296 0.12139300394603306 26.747149818904138 0.30501864693737785 0.8107290293765693 -0.4996819648002266 7.446648376722331 0.04305001839438363 0.5124109393727334 0.8576604952586993 -38.32943208923012
0.9510755874856985 -0.28466087366693604 0.12009751825874054 27.232948598045148 0.30566680575240907 0.8103551994924726 -0.49989224290503936 7.916018294496354 0.04497810993026 0.5121450825453684 0.8577203414002148 -39.06678635780076
0.9510835366787361 -0.28423918028038764 0.12102972631630546 27.713743870466313 0.3056602648511778 0.8089054901738159 -0.5022386986859568 8.392809321418422 0.04485430163316901 0.514664884911193 0.8562172317025342 -39.80265734785433
0.951409284218083 -0.28286421677556955 0.12168898377247671 28.20316984343072 0.3047074238028047 0.8078060775998643 -0.5045817345804111 8.893323965270021 0.04442701223035456 0.5171432323361833 0.854744943145714 -40.51676322650454
0.9519754867804248 -0.28010814884477575 0.12362078110061339 28.679620757826623 0.30327676981526686 0.8072712964226864 -0.5062966075952411 9.372337738432748 0.04202229328319537 0.5194732190708878 0.8534526943746517 -41.25401503031465
0.9521631046074034 -0.2791148551750997 0.12441993347118528 29.15798137440146 0.30282440356922136 0.807144497386519 -0.5067693172850991 9.838469541311476 0.04102197602175459 0.520204386964253 0.8530559145017509 -41.99825434110095
0.9524689139078962 -0.27828201922394885 0.12394388171972887 29.177784621958835 0.3018671752572716 0.807435960369123 -0.5068760976856024 9.8575651952142 0.04097775288304124 0.5201982640671897 0.8530617737480334 -42.028528475925995
0.9525499800377087 -0.27822774499583636 0.12344171679255106 28.689179179274145 0.3016073671199668 0.8081275393132659 -0.5059277382220153 9.396401616364138 0.041006478984175296 0.5191523365969553 0.8536973234626217 -41.28785799261366
0.9523048970892246 -0.2787519075576882 0.1241481252892349 29.170353257597153 0.3023561040279234 0.80705781860396 -0.5071868134990003 9.883051447783869 0.04118457264177768 0.5205333780388419 0.8528473681285463 -42.01699675940412
0.9517385414679655 -0.28038962616460084 0.12480146723378617 29.651704263147156 0.3040586088064238 0.8061184185763117 -0.5076627400575355 10.360368824763611 0.04173860051583822 0.5211091045458379 0.8524687621176599 -42.75216287847851
0.951631122735749 -0.280407641726436 0.12557770782315517 30.135366738772785 0.3043526972318414 0.8044133791897615 -0.5101848204995997 10.849880644633775 0.04204333004556377 0.5237276156220148 0.8508475439428385 -43.477730712816104
0.9511920209437027 -0.2816314560381942 0.12616442550434737 30.613808947271757 0.3056436175630603 0.803302475492809 -0.5111625102744599 11.349605070404905 0.042611242643344927 0.5247750004912817 0.8501736768800635 -44.19978919159177
0.9513187974842913 -0.28128085025583954 0.12599059025337978 30.132902992790363 0.3052742028299693 0.803663117636027 -0.5108162628950499 10.85766977529837 0.042428838143245814 0.5244107378867793 0.8504075327058543 -43.474028196042006
0.9522843891484688 -0.27861929599452384 0.12460228763407445 29.641791948774827 0.3023337408881306 0.8051791382607937 -0.510177287254334 10.393401393359351 0.04181807003183547 0.5235052901158019 0.8509954525375459 -42.7369632715124
0.9527830242452227 -0.2765273307200015 0.12544777429272447 30.116991392477427 0.30093770521814434 0.8048024618553411 -0.5115950497899843 10.86677439478185 0.040509332080327046 0.5251909919012665 0.8500195386225958 -43.47865281562615
0.9532758745587182 -0.27427369506514165 0.12664535988193246 30.59439447161732 0.2996298944936844 0.8048757821262319 -0.5122469147514579 11.344191495899027 0.038562067338490325 0.5262593092156513 0.8494491782481445 -44.216324221060326
0.9533077752732217 -0.27398486421360757 0.1270298381698976 30.108073881284753 0.2996670853170626 0.8060031204485608 -0.5104494174791042 10.883942983942447 0.037468964821762096 0.5246820078238829 0.8504732020123188 -43.47358370111075
0.9537188035900787 -0.2727309123378161 0.12664238285064902 30.59137587955595 0.29831123666091597 0.8051594020915468 -0.5125707202966394 11.36520287072612 0.037826571333134426 0.5266271276683154 0.8492542722324105 -44.20488937763537
0.9546883256591148 -0.26896955182012217 0.12737967280487705 31.067851227005455 0.2953681896531 0.8039229410339889 -0.516203000204677 11.856321938469597 0.03643944496581801 0.5304368286490463 0.8469408111924513 -44.9341171869312
0.9552442460277355 -0.26639528991430667 0.12861562868631107 31.54798214466956 0.29378163183487616 0.8033801549313637 -0.5179504604292703 12.334845913937716 0.03465231608648778 0.5325540534439981 0.8456862285447313 -45.66929675570756
0.9554077970050971 -0.2654943195897021 0.12926216649688468 32.026941572199405 0.2933491411942418 0.8032590738555528 -0.5183831996017213 12.801789660046447 0.033796783525282904 0.5331862433200556 0.8453224280460052 -46.412641422656044
0.9559855026014421 -0.26320806540447744 0.1296658517956828 32.5024043266642 0.29158126694877273 0.8028992011583835 -0.5199358013676073 13.275565980831747 0.03274268449795137 0.5348591686234675 0.8443064528660688 -47.15390457210092
0.9561732654261823 -0.2629801834362735 0.1287404738380858 32.98895602340996 0.2908750058172941 0.8027847767460832 -0.5205077647984976 13.743741240742285 0.033532331748858855 0.5351429420812105 0.8440956191499592 -47.891521859879624
0.9563980790705668 -0.26191752753813186 0.129235920387643 33.46971261060309 0.29023016641330746 0.802742810253947 -0.5209322711152544 14.208999967796244 0.03269808346116396 0.5357267329004034 0.8437579646994919 -48.63476294454394
0.9564220097761874 -0.26199821401403806 0.1288948217312537 33.955917350948155 0.29011114008081496 0.8027030667081246 -0.5210597980063127 14.676895889059459 0.03305246466376571 0.5357468297029304 0.8437313962647784 -49.37278614745828
0.9568336249639174 -0.26076366556319497 0.12834221776350158 33.46577164462704 0.2888168615087915 0.8037798831354694 -0.520117986590485 14.230705441136992 0.03246897684920876 0.5347337219509152 0.8443964780545276 -48.62400636789855
0.957473860682622 -0.25852425161408465 0.1280976870864227 33.48706593501075 0.2866992817269847 0.8027165366235869 -0.5229241662882506 14.251677056363722 0.032362443958573295 0.5374116818496923 0.842698734087406 -48.656580475788196
0.9567203573953842 -0.2609747867334461 0.1287568189832247 33.97077136946773 0.28905372720394645 0.801014447127079 -0.524236395420237 14.736139751213427 0.0336764061362024 0.5387652165107345 0.841782478522744 -49.38550080294919
0.9571742205885625 -0.2580870064187619 0.13118158620202225 34.45445849141726 0.2878774134760375 0.8003679352498595 -0.5258685796225328 15.204824244209076 0.030726309302804268 0.5411120098234722 0.8403888901820599 -50.12467703663955
0.9562261132331772 -0.26072753389981396 0.13286374011555058 33.980195532370224 0.29100677779103706 0.7995205271260079 -0.5254350406889743 14.731356478106193 0.03076809195719363 0.5410989018713479 0.8403958013406176 -49.38244876340012
0.9557340549054884 -0.26245222413337194 0.13300844462423972 34.00197039974813 0.2924529936073225 0.7977179260803684 -0.5273683313777449 14.752595746615059 0.032305767864598586 0.5429225376590213 0.8391610426280351 -49.41641253005335
0.955086679628661 -0.2644002590125223 0.13379812192258408 34.47833902624993 0.29445679871618113 0.796165527804231 -0.5285978112194796 15.223710380912213 0.033235942701913414 0.5442544409753435 0.8382614601610499 -50.158789673055196
0.9542237640246949 -0.2666137835441369 0.13555109219339992 34.500208426046726 0.29713444602995615 0.7932401077815524 -0.5314896540753903 15.245012788162146 0.03417790137498947 0.547436902563086 0.8361486164371377 -50.192606790683804
0.9532911646736665 -0.26864414759468186 0.13808069133028764 34.972201638766336 0.30006383610480153 0.7898926117302927 -0.534818993862377 15.728545451456755 0.03460707154642528 0.5512711887195495 0.8336079576675829 -50.92977601252157
0.9528291622443832 -0.26917288587343147 0.1402231973934205 35.43877152973839 0.301457567803878 0.7857319895163057 -0.5401375523554306 16.22722257516464 0.03521252853917967 0.5569301002138703 0.8298124735804161 -51.660278275372356
