0.9999995484885016 -0.0004417897691648687 -0.0008413350059129354 0.5777630668627424 0.00044199043252463044 0.9999998739204579 0.00023833490341816643 -0.13153380465598885 0.0008412296059157054 -0.00023870665783026768 0.9999996176758676 -0.8055362790104978
0.9999997389074416 -0.0004816821934288324 -0.0005386718041291371 -0.0007678962113766286 0.00048243805806972667 0.9999988980852917 0.0014039521797187505 0.014410452251481687 0.000537994951793211 -0.0014042116889363744 0.999998869374843 -0.003038803226144693
0.9999990199125344 -0.001299762604042032 -0.0005203759644221623 0.5798464093267385 0.0013001393657098436 0.9999988924870523 0.0007243357637303439 -0.1157378972629266 0.0005194339235603928 -0.0007250116150941822 0.9999996022731994 -0.8067479765737977
0.9999981077979025 -0.0018629953275346304 -0.0005600437707254574 -0.001188064381236309 0.0018642973018656004 0.9999955400205021 0.002333309811126678 0.029113058508895256 0.000555694327665745 -0.00233434948412348 0.9999971210040056 -0.005862753227226847
0.9999988511218925 -0.0014514355947700763 -0.0004371379761071586 -0.5774967541073829 0.0014525905447246566 0.9999954245920394 0.0026534460040459253 0.1740882553360776 0.00043328467004340263 -0.0026540779380510066 0.9999963840608089 0.7984074044008254
0.9999993076109445 -0.0011305714316697858 -0.0003264749153720686 -1.1554016708146828 0.0011317123360505656 0.9999931790376388 0.0035158363706521804 0.31950599760823695 0.00032249778433953065 -0.0035162034120149936 0.9999937661349414 1.6014513555504473
0.9999995533448977 -0.000944870800007571 2.3003853079367004e-05 -0.5758956202715747 0.0009447874205135015 0.9999938118321909 0.003388757007371164 0.18973995565895366 -2.6205648272394364e-05 -0.0033887337600146156 0.9999942578818976 0.7968809660003809
0.9999990293975851 -0.0013929882813343523 2.806308041743457e-05 -1.1551018662307606 0.0013928726739620074 0.9999919335419502 0.0037673275336619046 0.3278296656712686 -3.331069715399211e-05 -0.0037672847887869738 0.9999929032026765 1.6002808394323984
0.9999998685379644 -0.0005061626873934328 -8.199627191575789e-05 -0.5745788627958488 0.0005062990117868591 0.999998475428852 0.0016711676403691673 0.19666670727552704 8.115026420266853e-05 -0.0016712089353056352 0.9999986002366849 0.7966706597881964
0.9999992683616239 -0.001197545095440023 0.0001707687385068402 -1.151445828953681 0.0011970126998437204 0.9999945268411268 0.0030843878464016194 0.34539558639702417 -0.0001744614974004339 -0.0030841811773968807 0.9999952286834426 1.5998544643255648
0.999998899188315 0.001480441452030061 9.95754248549377e-05 -0.5762611723304275 -0.0014804883223820198 0.9999987925489601 0.0004722869355063678 0.2046844238254703 -9.8876111466177e-05 -0.0004724338358623598 0.9999998835148856 0.794023849671994
0.9999993950004351 0.0010954238181168732 0.0001002268536848259 -1.1552275838558752 -0.001095503862814145 0.9999990782557547 0.0008020965828063423 0.34110208908640127 -9.934812560053049e-05 -0.0008022058964450631 0.9999996732977711 1.5978821176086386
0.9999987906082972 0.0015532876616851194 7.79703967719806e-05 -1.7296317739397047 -0.0015533915981502898 0.9999978806816244 0.0013511501779842321 0.4897509898316329 -7.587150662796368e-05 -0.0013512696624753205 0.9999990841564874 2.4028438127975305
0.9999992184483352 0.001186989523154995 0.0003926303488140346 -2.3051627004000803 -0.0011881685608558516 0.9999947446492552 0.0030164431608804836 0.6407268483734525 -0.0003890477989752837 -0.003016907314412476 0.9999953734453304 3.2065666772385155
0.9999993145995905 0.0011151371858599383 0.00035674837949809744 -1.7300788252033024 -0.001115621110074956 0.9999984540149561 0.0013591752048846392 0.49862395371415014 -0.00035523216115804993 -0.0013595722693301076 0.9999990126861904 2.4009083726092486
0.9999958629452435 0.002790610547144344 0.0006975565733383828 -1.1623291636244186 -0.002790554618670828 0.9999961031031704 -8.113812329721966e-05 0.35260648879659184 -0.0006977802799360081 7.919121790520752e-05 0.999999753415685 1.5907607183411434
0.9999914950750941 0.0040036553662654295 0.0009902126976942703 -1.7345373961746144 -0.0040042098292290065 0.9999918271036414 0.000558596066781043 0.502879690246594 -0.0009879681786489707 -0.0005625563353823524 0.9999993537244145 2.3969838286076186
0.9999732960895836 0.007280417567136271 0.000634529575122418 -1.158493979238882 -0.0072799049003647075 0.9999731758736047 -0.0008065468989826533 0.3562386954569483 -0.0006403845526338923 0.000801906046060822 0.9999994734270201 1.5928256349341914
0.9999703556864528 0.007566182905571765 0.001428504304464661 -0.5798446953478247 -0.007561816559234232 0.9999667952929471 -0.0030376375491295757 0.22395821113672373 -0.0014514401926960332 0.0030267454129425915 0.9999943660509151 0.788048100630224
0.999986784699314 0.004966058536360125 0.0013299208026547199 -1.1610906953397016 -0.004962669886457348 0.9999844618077558 -0.0025393012135177893 0.362786945694829 -0.0013425104565584008 0.002532667697967876 0.9999958916215625 1.589845874357763
0.9999878083970627 0.004912168066681345 0.0005036488107697011 -1.7397175376831382 -0.004911201917935608 0.9999861313053758 -0.001901918144917583 0.5107997761141949 -0.0005129843673956494 0.0018994214364803218 0.9999980645207486 2.3918952365237782
0.9999878946513624 0.00482642955344399 0.0009571460179438482 -2.313123632975504 -0.00482767419759352 0.9999874986432897 0.0013023513272998068 0.6704781017167689 -0.0009508483453851468 -0.0013069563510186458 0.9999986938754072 3.19545499299141
0.9999818379451448 0.005911342382270389 0.0011746536034701787 -1.7424533888622835 -0.005910861799996491 0.9999824457569089 -0.0004121781333957969 0.5282296814110908 -0.001177069509384402 0.0004052274322794171 0.9999992251487488 2.3866899718608616
0.9999871049379987 0.004745828142044801 0.001807504623808345 -2.3198288372318183 -0.004745817038188396 0.9999887384924941 -1.0432218361303361e-05 0.67057421953335 -0.0018075337780972952 1.853997595339869e-06 0.9999983664077671 3.190664862070027
0.9999845395060661 0.005099182054820674 0.002217902435087207 -1.744137447941388 -0.0050982686656160115 0.9999869166794654 -0.00041728468724953687 0.5264573387948985 -0.002220001228148402 0.0004059707733326156 0.9999974533878958 2.3857985694579726
0.9999812889953492 0.005718643810982406 0.0021722735008994805 -1.1676467641991222 -0.005716643719493744 0.9999832312688607 -0.0009258324221465365 0.39023444531639034 -0.002177531580481171 0.0009133969852247607 0.9999972120271937 1.5801300179737305
0.9999730916748077 0.006909468690975493 0.0024647857380499455 -0.5976195948624579 -0.00690335349939847 0.9999730939043424 -0.0024809630872187037 0.24494490057463078 -0.0024818615570647586 0.002463881041406044 0.9999938848080133 0.7714521003781274
0.9999732898153113 0.006883615098191202 0.002456725284289614 -0.025295154434858746 -0.0068773091402760875 0.9999730585176428 -0.002566097788546464 0.10209007858050642 -0.00247432312595041 0.0025491335883468295 0.9999936898015975 -0.03603612537024925
0.9999705763927159 0.0072588144965443175 0.00248112090071392 0.5505190737831357 -0.007251604117716794 0.9999694934036021 -0.0029028434101208613 -0.043740513897716576 -0.0025021164119875296 0.002884765891455643 0.999992708743023 -0.8405057723297628
0.9999685150692516 0.007571482312110962 0.0023751896330205585 1.1239887820726926 -0.007554617773427842 0.9999467472421635 -0.007030677784847497 -0.1704529019452197 -0.002428295800113328 0.007012512774626882 0.9999724636429189 -1.6498737136207355
0.9999631958222316 0.008246921341293527 0.0023654364033246444 0.5486833141789993 -0.008232168065798096 0.9999470157499966 -0.006180380377692223 -0.016779572062572412 -0.002416280183285585 0.006160680243853148 0.9999781035647758 -0.846500745258969
0.9999617945988207 0.008417672007727797 0.0023562980868458193 1.126880277902786 -0.008402297111887372 0.9999438294900358 -0.006460593474745848 -0.16364792481205964 -0.0024105488892270303 0.006440548328570732 0.9999763540160719 -1.6490703423041375
0.9999548272683383 0.00900956979328546 0.0030283782599876408 1.6979457402878309 -0.008982079767234807 0.9999194121500706 -0.008971702654053882 -0.30241916215868536 -0.0031089653907217184 0.008944096242641081 0.9999551677333328 -2.4581604370131505
0.9999454803032787 0.009863713169359767 0.003426891237880223 2.2635768539094365 -0.0098296956687591 0.9999036092375433 -0.009805575801254447 -0.4470823105638655 -0.00352328030438559 0.009771355906277418 0.9999460520946347 -3.27003112671483
0.99994303026859 0.010145970046237029 0.0033159476909441605 2.8380931029651006 -0.010107786564469062 0.9998846589691437 -0.011335846193679605 -0.5871839426862338 -0.003430578382049781 0.011301683502047813 0.9999302491083971 -4.076444551855841
0.9999250836270767 0.011951255562791741 0.002644735119941123 3.413068198827766 -0.011916820415929804 0.99984866841161 -0.012673975962767467 -0.737354329776515 -0.0027958048137028562 0.012641509640985796 0.9999161843421864 -4.880715957526136
0.9999012590948263 0.013726298087857195 0.0030101165064279427 3.975997845071448 -0.01367990581811692 0.9997950146220013 -0.01492611516100546 -0.8838359069056312 -0.0032143797825525586 0.014883463232574204 0.999884068422342 -5.694136734825148
0.9998737992265518 0.015678871050620553 0.0025609808350021525 4.545621679709914 -0.01563174022696839 0.9997248503083133 -0.017489207343305325 -1.0336347853465646 -0.002834487208629118 0.017446967604672247 0.9998437722982838 -6.502275945004685
0.9998920672336985 0.01447489005846825 0.0025162354648148397 5.12242734917289 -0.014420229206058502 0.999685217955556 -0.020531000725650405 -1.176141850701455 -0.002812627377365822 0.020492500065808432 0.9997860503969269 -7.306630938772551
0.9998724890710243 0.01581602886782627 0.002204275337437799 5.691849991360205 -0.015753747445653492 0.999541088657523 -0.025873374862037096 -1.3177856958979668 -0.002612477814209944 0.02583535012700628 0.9996627979691372 -8.11638082341741
0.9999195838310284 0.012504799219502307 0.0021108926212067797 6.262900384843573 -0.012434322199521078 0.9994536210698605 -0.03062428712282535 -1.4527287998204663 -0.0024926898356659073 0.03059557691599676 0.9995287375411279 -8.92612881310695
0.9999097504392344 0.013390609125318855 0.0010874574917312623 6.835607728146745 -0.01334451710143408 0.9993018566802825 -0.03489588942366648 -1.596356465320196 -0.0015539755059005682 0.03487822848987792 0.9993903613391191 -9.733208358523457
0.9999405247036693 0.01088352646818774 0.0007042066188890121 7.40689125933875 -0.01084470949214548 0.9990717076322042 -0.04169070981527529 -1.7181494377951947 -0.001157294853011362 0.04168059333175051 0.9991303162291375 -10.544874298947532
0.9999779220607558 0.006598308948552843 0.0007859453339460041 7.98252175425396 -0.006554690451918421 0.9988994493745589 -0.04644271818359829 -1.8400552642331147 -0.0010915237643033184 0.04643654119571173 0.998920645605871 -11.353446189878794
0.9999909934463439 0.004151824212628794 0.0008805577194124952 8.553858010191302 -0.004098948457427101 0.9985680787753106 -0.05333845397578264 -1.9540910734541124 -0.0011007487148055124 0.053334364219429324 0.9985761032317843 -12.166201206391648
0.9999992071000972 0.0008373997681143808 0.0009405109257317977 9.129740807427384 -0.0007819285285007999 0.9983448067591532 -0.057506829201437674 -2.0759232531531304 -0.0009871104038428821 0.057506048191954685 0.9983446699584237 -12.97460452394875
0.9999844530510181 -0.005461390467317036 0.0011255533819046469 9.698498574877982 0.0055222488310984795 0.9979332176485971 -0.0640218547166746 -2.173371116932194 -0.0007735787609899665 0.06402707495801371 0.9979478619889017 -13.791316539171685
0.9999044181153663 -0.013751037844304736 0.0014365206476164613 10.274482551308251 0.013818810626525811 0.9973043545391568 -0.0720629231304268 -2.247423545379211 -0.00044170831411585146 0.07207588622721278 0.9973990532972876 -14.60541646960816
