0.9999995 -0.00094445475 -4.698329e-05 0.29504186 0.00094445446 0.9999996 -6.2174036e-06 0.9554787 4.698914e-05 6.1730275e-06 1.0 0.003271638
0.9999999 0.00043389213 -3.1710315e-05 0.30440116 -0.00043389184 0.9999999 9.018309e-06 0.9525389 3.1714226e-05 -9.00455e-06 1.0 0.003092154
0.9999979 -0.002030092 -6.367431e-05 0.2639383 0.0020300935 0.9999979 2.1353431e-05 0.9645344 6.363083e-05 -2.1482652e-05 1.0 0.0031641764
0.9999999 -0.00049573113 -3.0017222e-06 0.27462894 0.00049573113 0.9999999 1.12029675e-05 0.9615456 2.9961682e-06 -1.12044545e-05 1.0 0.0030144656
0.99999976 -0.0006441689 -5.031123e-05 0.28773832 0.00064416917 0.9999998 5.681043e-06 0.95770365 5.0307564e-05 -5.713451e-06 1.0 0.0032241729
0.9999984 0.0017827515 2.142866e-05 0.29978046 -0.0017827514 0.9999984 -4.020443e-06 0.9540033 -2.1435791e-05 3.982235e-06 1.0 0.0030773792
0.99999756 -0.0022016878 5.088141e-06 0.24938664 0.0022016878 0.99999756 8.2556235e-06 0.968399 -5.106305e-06 -8.244401e-06 1.0 0.003114613
0.99999803 0.001973186 1.1451384e-05 0.31425506 -0.0019731857 0.99999803 -1.6645452e-05 0.9493332 -1.1484206e-05 1.6622824e-05 1.0 0.003209855
0.99999917 0.0012832587 -8.012787e-05 0.29973975 -0.0012832588 0.99999917 -1.6290142e-06 0.954015 8.012572e-05 1.7318376e-06 1.0 0.0033890144
0.9999994 -0.0010964816 5.075061e-05 0.2794639 0.0010964812 0.9999994 8.723985e-06 0.96015185 -5.0760143e-05 -8.668333e-06 1.0 0.0028867316
0.9999999 -0.0005173991 -0.00015211011 0.28267473 0.0005174007 0.9999999 1.0064951e-05 0.95920926 0.00015210488 -1.0143652e-05 1.0 0.0035445015
0.99999994 0.0004090559 -9.456135e-06 0.29877204 -0.0004090559 0.99999994 -1.4253998e-06 0.95431936 9.455551e-06 1.4292677e-06 1.0 0.0031382707
0.99999994 0.0002593037 -2.8018316e-05 0.2898154 -0.00025930366 0.99999994 1.0719927e-07 0.9570773 2.8018341e-05 -9.993401e-08 1.0 0.0031737143
1.0 -0.00022646923 -7.822635e-05 0.2808198 0.00022646895 1.0 -3.3915385e-06 0.95975477 7.8227116e-05 3.3738224e-06 1.0 0.0033253592
0.9999991 0.0013482351 -2.672351e-06 0.28525603 -0.0013482351 0.9999991 7.568561e-06 0.95844644 2.6825528e-06 -7.5649514e-06 1.0 0.0030688585
1.0 -5.5289132e-05 -7.6324955e-05 0.28755164 5.528949e-05 1.0 4.657513e-06 0.9577593 7.63247e-05 -4.661733e-06 1.0 0.003332851
0.9999995 -0.0009837172 -0.00010041759 0.27280906 0.0009837192 0.9999995 2.1034715e-05 0.9620628 0.00010039684 -2.1133488e-05 1.0 0.0032248022
0.9999991 0.0013295643 -8.227579e-06 0.28722632 -0.0013295644 0.9999991 -8.5381125e-06 0.95785743 8.2162205e-06 8.549045e-06 1.0 0.0031847009
0.99999994 0.00036552123 -6.468142e-05 0.25022212 -0.0003655208 0.99999994 6.6245043e-06 0.96818286 6.468384e-05 -6.6008615e-06 1.0 0.0032997061
0.9999998 -0.00059066364 -2.0092688e-05 0.27897918 0.0005906637 0.9999998 2.705569e-06 0.9602918 2.0091087e-05 -2.7174365e-06 1.0 0.0031981212
0.999999 -0.001425969 1.961589e-05 0.28459984 0.0014259691 0.999999 -9.330366e-06 0.95864147 -1.9602567e-05 9.3583285e-06 1.0 0.0030699233
0.9999992 0.0012442938 4.7564234e-05 0.30351087 -0.0012442933 0.9999992 -7.890058e-06 0.9528233 -4.7574016e-05 7.8308685e-06 1.0 0.0029921574
1.0 -0.00023058064 -9.436003e-06 0.2868297 0.0002305808 1.0 1.7068221e-05 0.95797694 9.432067e-06 -1.7070395e-05 1.0 0.002990729
0.9999998 -0.00056081516 -7.121492e-05 0.26658332 0.0005608168 0.9999998 2.2933202e-05 0.9638067 7.120205e-05 -2.2973136e-05 1.0 0.0031605938
1.0 3.2596148e-13 3.8727463e-13 0.26487154 -3.2590597e-13 1.0 -6.1250484e-14 0.9642789 -3.8728786e-13 6.1255254e-14 1.0 0.0030515154
0.9999992 0.001226142 2.9396891e-05 0.2801631 -0.0012261419 0.9999992 -4.370412e-06 0.95994776 -2.9402228e-05 4.334364e-06 1.0 0.0029959916
0.9999999 0.00043993132 -2.20019e-06 0.2859622 -0.00043993132 0.9999999 5.0683724e-07 0.95823616 2.2004128e-06 -5.0586925e-07 1.0 0.003008008
1.0 0.0001848998 3.2760396e-05 0.29370725 -0.00018489933 1.0 -1.4984679e-05 0.9558906 -3.2763168e-05 1.4978621e-05 1.0 0.0030326392
0.9999951 -0.003120585 -0.00010834035 0.25627694 0.0031205863 0.9999951 1.0884799e-05 0.96659774 0.00010830585 -1.1222832e-05 1.0 0.0033009453
0.9999989 0.0014488427 5.429918e-06 0.2861822 -0.0014488427 0.9999989 -8.732409e-07 0.95817035 -5.431177e-06 8.6537284e-07 1.0 0.003059955
0.999997 0.0024441578 0.00010109914 0.28662398 -0.0024441555 0.999997 -2.3662564e-05 0.9580389 -0.00010115668 2.341539e-05 1.0 0.0028424538
0.9999987 0.0016263592 -4.939108e-05 0.28459215 -0.0016263594 0.9999987 -3.641822e-06 0.95864326 4.9385093e-05 3.722145e-06 1.0 0.0032235805
0.9999962 0.0027560224 -5.8342463e-05 0.28848982 -0.0027560238 0.9999962 -2.3496284e-05 0.9574766 5.8277485e-05 2.3656989e-05 1.0 0.0034845488
0.99999607 0.0028092586 -3.8538958e-05 0.29870686 -0.0028092586 0.99999607 3.704078e-06 0.95433974 3.854921e-05 -3.5957974e-06 1.0 0.0031372965
0.99999994 -0.000286813 1.4985594e-05 0.2636882 0.0002868129 0.99999994 8.265423e-06 0.9646036 -1.4987964e-05 -8.261125e-06 1.0 0.0028928795
0.9999988 0.0015413226 -0.00012137145 0.27538317 -0.0015413224 0.9999988 1.018044e-06 0.9613286 0.000121372876 -8.309703e-07 1.0 0.0033737635
0.99998426 0.0056110267 -0.00012490847 0.3154241 -0.005611029 0.99998426 -1.8884948e-05 0.9489445 0.00012480054 1.9585517e-05 1.0 0.0034582934
1.0 -0.00017620993 -3.404793e-05 0.27304503 0.00017620923 1.0 -2.0555415e-05 0.9619962 3.4051554e-05 2.0549416e-05 1.0 0.0031113734
0.99996746 0.008067683 3.621983e-05 0.33359352 -0.008067681 0.99996746 -4.598245e-05 0.942712 -3.6589623e-05 4.5688746e-05 1.0 0.003066295
0.99998313 0.0058047436 -0.00011611164 0.30930045 -0.0058047473 0.99998313 -3.0247076e-05 0.95095855 0.000115934105 3.0920564e-05 1.0 0.0033240267
0.9999623 0.008681471 0.00017563651 0.32826772 -0.00868146 0.99996233 -6.549434e-05 0.94458103 -0.00017619847 6.396709e-05 1.0 0.0026449896
0.9999658 0.008272262 -0.00014466209 -0.33104685 -0.008272271 0.9999658 -5.8444402e-05 -0.9436076 0.00014417367 5.9639086e-05 1.0 -0.0035542361
0.99997205 0.007473585 0.00017372327 -0.3220363 -0.007473573 0.99997205 -7.0904796e-05 -0.94672364 -0.00017424833 6.960448e-05 1.0 -0.0026436397
0.99999833 0.0018336265 -1.3835763e-05 0.24594007 -0.0018336268 0.99999833 -1.9008019e-05 0.969281 1.3800885e-05 1.9033356e-05 1.0 0.0027865279
0.999934 0.011484428 0.00016896144 -0.35178608 -0.0114844125 0.999934 -9.622351e-05 -0.93607616 -0.00017005537 9.4276744e-05 1.0 -0.0028260322
0.9477485 0.31901783 -0.0006976506 -0.9813776 -0.31901792 0.9477398 -0.0041131414 0.19167627 -0.0006509743 0.0041207867 0.9999913 -0.012579799
0.99999994 0.00026759758 2.992096e-05 -0.25596672 -0.00026759668 0.99999994 -2.9785459e-05 -0.9666818 -2.992893e-05 2.9777451e-05 1.0 -0.0027191655
0.9563148 0.29233876 -0.00026373693 -0.98176724 -0.29233816 0.9563101 -0.0030608983 0.18982822 -0.0006426049 0.0030042825 0.9999953 -0.009916218
0.93321955 0.35930339 -0.00154009 -0.9592593 -0.359306 0.9332009 -0.0059403703 0.28205606 -0.00069718185 0.006097033 0.99998116 -0.016309923
0.94784236 0.3187392 -0.00034287962 -0.9617313 -0.31873843 0.9478362 -0.0035085676 0.27380309 -0.0007933244 0.003434858 0.9999938 -0.010233025
0.9690397 0.24690476 -0.0003188569 -0.99646395 -0.24690475 0.9690363 -0.002591616 0.08336919 -0.0003308984 0.002590106 0.9999966 -0.010446025
0.9855968 0.16911231 -0.00024988817 -0.9965255 -0.16911213 0.98559046 -0.003536201 0.08076309 -0.00035172774 0.0035275274 0.99999374 -0.020352077
-0.99975574 0.0035747024 0.021809451 0.08047834 -0.0036695064 -0.99998397 -0.0043084477 0.9868396 0.0217937 -0.0043874253 0.9997529 -0.14025271
0.92492294 0.380154 -0.00068757375 -0.95483345 -0.3801535 0.9249143 -0.004098224 0.29696953 -0.0009220095 0.004051925 0.99999136 -0.010106439
0.9429758 0.3328608 -0.0005214297 -0.97863287 -0.33286044 0.94296914 -0.0036256637 0.20534383 -0.0007151492 0.0035924765 0.99999326 -0.010562735
0.9999573 0.008964778 0.002237182 0.007075052 -0.0089634145 0.99995965 -0.0006189168 -0.99996394 -0.0022426404 0.0005988376 0.9999973 0.0046956628
0.9623193 0.2719219 -0.00020952708 -0.98900753 -0.2719214 0.96231526 -0.0028432459 0.14752096 -0.00057150976 0.0027930853 0.99999595 -0.010081765
0.9999985 -0.0016369277 0.00054283504 -0.03634865 0.0016369389 0.9999987 -2.0142563e-05 -0.999337 -0.00054280134 2.103112e-05 0.9999999 0.0020766861
0.9999038 0.013846157 -0.0008109168 -0.35032386 -0.013846309 0.9999041 -0.0001821786 -0.936611 0.0008083166 0.00019338928 0.99999964 -0.0057500084
0.9999912 0.0041540014 -0.00060588313 -0.2659587 -0.0041540163 0.99999136 -2.3062723e-05 -0.96397483 0.00060578214 2.5579368e-05 0.9999998 -0.0043006786
0.9614324 0.27504128 -6.297773e-05 -0.998607 -0.27504084 0.96143025 -0.0020889437 0.05223304 -0.0005139971 0.0020256997 0.9999978 -0.0074677914
0.9984353 0.05559137 0.0060455943 0.33921808 -0.05556802 0.99844706 -0.0039642956 -0.94039655 -0.0062565864 0.003622151 0.9999739 0.024195623
0.9995145 0.03053385 0.006200122 0.2439184 -0.030515375 0.99952966 -0.0030528526 -0.96953744 -0.0062904214 0.0028621713 0.9999761 0.022381842
0.9999903 0.0043034675 -0.0009481114 -0.2777356 -0.0043035117 0.99999076 -4.443966e-05 -0.960642 0.0009479114 4.851944e-05 0.9999995 -0.005470171
0.9999849 0.005457664 -0.0006177583 -0.25756377 -0.005457691 0.9999851 -4.203468e-05 -0.9662506 0.0006175197 4.540558e-05 0.9999998 -0.0045468453
0.9356057 0.35304624 -0.0005942175 -0.98196834 -0.3530461 0.9355995 -0.0034651961 0.18879934 -0.0006674249 0.0034518435 0.9999938 -0.009644643
0.9999984 0.0015328883 0.000962776 -0.060606536 -0.0015327502 0.9999988 -0.00014420768 -0.998161 -0.000962996 0.00014273175 0.9999995 0.0011847503
0.9999992 0.00045613202 0.0011636161 -0.12725066 -0.00045607478 0.9999999 -4.9462225e-05 -0.99186677 -0.0011636385 4.8931488e-05 0.99999934 0.002751129
0.99994516 0.010461287 -0.000490684 -0.29376212 -0.010461344 0.9999453 -0.000115248535 -0.9558676 0.0004894515 0.00012037543 0.9999999 -0.004573555
0.9999944 0.0031234506 0.0011991044 -0.024682315 -0.0031232843 0.9999951 -0.00014034743 -0.999691 -0.001199537 0.0001366015 0.9999993 0.002946346
0.94158 0.33678934 -0.0003087977 -0.97411025 -0.33678856 0.9415749 -0.0031940502 0.22589275 -0.0007849659 0.0031114533 0.9999949 -0.009036598
0.9999745 0.0071001393 0.0007471411 -0.08884784 -0.007100049 0.9999748 -0.00012320753 -0.9960452 -0.000747997 0.00011789965 0.9999997 0.00026281364
0.9555453 0.2948438 -0.00059873925 -0.99292463 -0.29484415 0.95554 -0.003191542 0.11823346 -0.00036888703 0.0032261978 0.99999475 -0.011022497
0.9996937 0.024742492 -0.0005906079 -0.4205388 -0.024742646 0.9996938 -0.00025664314 -0.9072576 0.00058407703 0.00027117773 0.9999998 -0.00554421
0.9999965 0.0024941978 0.00091235084 -0.2021002 -0.0024941177 0.9999969 -8.887238e-05 -0.9793643 -0.00091256964 8.6596556e-05 0.9999996 0.0010630289
0.9999216 0.01248767 -0.0009003931 -0.3270407 -0.012487758 0.99992204 -9.160639e-05 -0.9449941 0.00089917897 0.00010284309 0.9999996 -0.005529182
0.99938405 0.035087306 -0.00068022276 -0.4618652 -0.035087544 0.99938416 -0.0003414687 -0.88692933 0.00066782266 0.00036512568 0.9999997 -0.006077967
0.9999241 0.012285714 -0.0009095765 -0.32536927 -0.012285797 0.99992454 -8.6501284e-05 -0.94557106 0.0009084451 9.766959e-05 0.9999996 -0.005495527
0.99985987 0.016740324 -0.00017678959 -0.36718372 -0.016740343 0.99985987 -0.00010286241 -0.9301419 0.00017504286 0.00010580751 1.0 -0.0034840298
0.99997246 0.0073881596 -0.0006735109 -0.28894874 -0.0073881717 0.9999727 -1.5169345e-05 -0.9573344 0.00067338045 2.0144942e-05 0.99999976 -0.004416218
0.9210832 0.38936552 -0.00050777855 -0.9661704 -0.3893651 0.92107815 -0.003139683 0.25779086 -0.00075478066 0.0030896205 0.99999493 -0.00765772
0.9285823 0.37112087 -0.0020482289 -0.95798135 -0.37112573 0.92855495 -0.0071721445 0.28617984 -0.0007598395 0.007420077 0.99997216 -0.019309176
0.9597584 0.28082702 -0.000112673406 -0.9901842 -0.28082633 0.9597551 -0.0025872956 0.13949947 -0.0006184436 0.0025148203 0.99999666 -0.008670394
0.94366 0.3309163 -0.00036860365 -0.98219407 -0.33091566 0.9436546 -0.0032889124 0.18762915 -0.0007405201 0.0032255917 0.9999945 -0.009492883
0.9368714 0.34967184 -0.0012368602 -0.9704373 -0.34967336 0.93685687 -0.0052668513 0.24088416 -0.0006829086 0.0053668595 0.99998534 -0.015041879
0.92440116 0.3814213 -0.00047863708 -0.95498484 -0.38142055 0.92439497 -0.0035117299 0.29653248 -0.00089699886 0.0034288093 0.99999374 -0.0085107
0.9999752 0.0070275753 -0.0004519333 -0.31610027 -0.007027625 0.9999753 -0.0001082845 -0.94871444 0.00045116118 0.000111457826 0.9999999 -0.004638176
0.9999999 0.0002342023 -0.0003521066 -0.26432377 -0.0002342051 1.0 -7.8909825e-06 -0.96442634 0.00035210475 7.973447e-06 0.99999994 -0.003843578
0.99999154 0.0041002505 -0.00029865647 -0.30191717 -0.004100272 0.9999916 -7.03754e-05 -0.9533254 0.0002983654 7.1599374e-05 0.99999994 -0.00408594
0.9999821 0.005979719 -3.3985274e-05 -0.30160207 -0.0059797196 0.9999821 -2.5604282e-05 -0.95342886 3.383156e-05 2.5807049e-05 1.0 -0.0030968946
0.9604624 0.2784097 -5.9826703e-05 -0.9904419 -0.27840915 0.96046007 -0.0021793982 0.13772553 -0.0005493044 0.0021098864 0.9999976 -0.007518328
0.9677657 0.25185227 -5.6946584e-07 -0.987399 -0.2518513 0.96776193 -0.0027912708 0.15790929 -0.0007024368 0.0027014397 0.9999961 -0.010387978
0.9741753 0.22579317 7.441208e-05 -0.9905592 -0.22579247 0.9741729 -0.0022154958 0.1367767 -0.00057273405 0.0021414796 0.99999756 -0.009194881
0.97858614 0.20583767 0.00021015859 -0.98997337 -0.20583697 0.97858465 -0.0017978913 0.14102127 -0.00057573174 0.0017161332 0.9999984 -0.008104936
0.9999943 0.0033830674 8.303534e-05 0.28391302 -0.003383065 0.9999943 -2.738387e-05 0.9588456 -8.312751e-05 2.71028e-05 1.0 0.0029233298
0.9999966 0.002610102 2.8197459e-05 0.30489415 -0.0026101018 0.9999966 -1.1763235e-05 0.9523813 -2.8228067e-05 1.1689597e-05 1.0 0.0030710348
0.99998987 0.004495561 3.1768453e-05 0.31306776 -0.0044955607 0.99998987 -1.35468135e-05 0.949726 -3.1829033e-05 1.340386e-05 1.0 0.0030225797
0.99999154 0.0041153957 -3.2533284e-05 0.29566267 -0.0041153966 0.99999154 -2.1098458e-05 0.95528644 3.244618e-05 2.1232167e-05 1.0 0.0033751596
0.9999925 0.0038720844 6.167185e-05 0.29402262 -0.003872083 0.9999925 -2.2932467e-05 0.95579374 -6.176019e-05 2.2693495e-05 1.0 0.0029943539
0.9999996 0.0009017036 0.000100969824 0.3079776 -0.00090170244 0.9999996 -1.1688387e-05 0.95138985 -0.00010098032 1.1597337e-05 1.0 0.002681516
0.9999993 -0.0011919535 -1.33581e-05 0.27526537 0.0011919535 0.9999993 6.4559667e-06 0.96136355 1.3350395e-05 -6.4718843e-06 1.0 0.0030129873
0.9999988 0.0015250529 -1.3920828e-05 0.29371917 -0.0015250532 0.9999988 -1.4046672e-05 0.9558864 1.389939e-05 1.4067886e-05 1.0 0.0031880424
0.99999577 -0.0029092259 -0.00013142396 0.21124735 0.0029092305 0.99999577 3.600528e-05 0.977427 0.00013131865 -3.6387468e-05 1.0 0.0033109472
0.9999866 0.0051778806 -2.709784e-05 0.33105043 -0.0051778816 0.9999866 -1.8511739e-05 0.9436076 2.7001626e-05 1.86518e-05 1.0 0.0032068072
0.9999976 0.0021684812 -8.308082e-05 0.28903288 -0.0021684803 0.9999977 1.0982278e-05 0.9573136 8.3104445e-05 -1.0802092e-05 1.0 0.0032734743
0.9999909 0.004266134 3.0983203e-05 0.29718173 -0.004266134 0.9999909 -3.3993454e-06 0.9548164 -3.0997424e-05 3.267136e-06 1.0 0.002941248
0.9999944 0.003341426 8.443594e-05 0.28633323 -0.0033414254 0.9999944 -6.0315588e-06 0.9581262 -8.445563e-05 5.7493885e-06 1.0 0.0027297598
0.999994 0.0034651537 -4.3011387e-06 0.3069127 -0.0034651537 0.999994 -1.0865266e-05 0.95173264 4.263463e-06 1.0880104e-05 1.0 0.0030964878
0.9999991 0.0013456912 1.3304764e-05 0.28640786 -0.0013456913 0.9999991 7.3677656e-06 0.9581039 -1.3294837e-05 -7.385663e-06 1.0 0.0027278282
1.0 0.00022723377 -6.413131e-05 0.30860323 -0.00022723364 1.0 1.8387836e-06 0.95118564 6.4131724e-05 -1.8242108e-06 1.0 0.0031418982
0.999999 0.0014060922 -6.476081e-05 0.3084175 -0.0014060929 0.999999 -1.114141e-05 0.95124525 6.474508e-05 1.1232459e-05 1.0 0.0033403505
0.99999106 0.004222107 8.186581e-06 0.31933358 -0.004222107 0.99999106 -1.2579173e-06 0.9476375 -8.191819e-06 1.2233415e-06 1.0 0.003045753
0.99999917 0.0012810765 3.4485913e-06 0.25531507 -0.0012810765 0.99999917 -6.670105e-07 0.966853 -3.449443e-06 6.62592e-07 1.0 0.0030729005
1.0 -0.00018102904 -0.0001077283 0.27163774 0.0001810298 1.0 7.024388e-06 0.96239316 0.00010772703 -7.0438905e-06 1.0 0.0035071652
0.9999999 -0.00048522753 -2.6166515e-05 0.24827011 0.00048522768 0.9999999 5.2257233e-06 0.9686856 2.6163976e-05 -5.2384194e-06 1.0 0.0031792396
0.99999684 0.0025129188 -6.246471e-05 0.318502 -0.0025129186 0.99999684 4.765647e-06 0.94791645 6.247648e-05 -4.6086634e-06 1.0 0.0033039902
1.0 -9.612908e-05 -0.000148739 0.26295567 9.612977e-05 1.0 4.6357527e-06 0.9648009 0.00014873855 -4.650051e-06 1.0 0.0036795877
0.9999949 0.0032066088 -0.00013266261 0.305811 -0.003206609 0.9999949 -1.4761176e-06 0.95208514 0.0001326572 1.9015072e-06 1.0 0.0036742198
0.99999505 0.0031501057 -0.00012062019 0.3099312 -0.0031501052 0.99999505 3.0097856e-06 0.9507524 0.00012062907 -2.6298044e-06 1.0 0.0035418922
0.99999446 0.003324889 -0.00011285082 0.3330742 -0.003324889 0.99999446 1.0674383e-06 0.9428941 0.00011285375 -6.92216e-07 1.0 0.0035007326
0.99999595 -0.0028388896 -4.509744e-05 0.30239695 0.0028388898 0.99999595 4.0702334e-06 0.95317703 4.5085704e-05 -4.198244e-06 1.0 0.003107389
0.999995 -0.00316016 -0.00014419665 0.32690763 0.0031601582 0.999995 -1.4417644e-05 0.94504976 0.00014424148 1.3961888e-05 1.0 0.0035184044
0.99998 -0.0063328063 1.1414962e-05 0.28236094 0.0063328063 0.99998 -2.9837981e-06 0.9593035 -1.1395837e-05 3.056027e-06 1.0 0.0030071368
0.9868971 0.16135083 0.0002203468 -0.999562 -0.16135044 0.9868964 -0.0012628572 -0.028649993 -0.00042122253 0.0012107571 0.99999917 -0.0074145477
-0.9734188 -0.18762714 -0.13134652 -0.76243055 0.20452651 -0.9702142 -0.12982032 -0.22374873 -0.10307645 -0.1532334 0.9827995 -0.60715413
0.9767522 0.21437092 -0.00050263223 -0.99907875 -0.21437144 0.97674745 -0.0030461564 0.0404194 -0.00016206257 0.0030830898 0.99999523 -0.014419629
0.99999803 0.0019810891 7.8317855e-05 0.28172606 -0.0019810882 0.99999803 -1.4530937e-05 0.9594904 -7.8346486e-05 1.4375754e-05 1.0 0.0029212956
0.9999999 -0.00044474538 -0.00011946246 0.302832 0.00044474742 0.9999999 1.6909084e-05 0.95303804 0.000119454926 -1.6962213e-05 1.0 0.0033507056
0.99999607 0.0028088044 -0.00015038336 0.3477838 -0.0028088079 0.99999607 -2.268137e-05 0.93756723 0.00015031906 2.3103677e-05 1.0 0.003763329
0.9999742 0.0071820123 -8.6234584e-05 0.37173605 -0.0071820156 0.9999742 -3.630409e-05 0.9283312 8.5971624e-05 3.692249e-05 1.0 0.003675075
0.99999565 0.0029520073 -6.1424806e-05 0.30943108 -0.0029520066 0.99999565 8.992763e-06 0.95091665 6.145109e-05 -8.8113975e-06 1.0 0.0031501958
0.99998504 0.005470533 3.7620473e-05 0.30518183 -0.0054705325 0.99998504 -7.647937e-06 0.9522891 -3.7661746e-05 7.4420186e-06 1.0 0.0030749156
0.9999998 0.0005935742 -7.6051176e-05 0.27790803 -0.00059357274 0.9999998 1.9443549e-05 0.9606023 7.606271e-05 -1.9398403e-05 1.0 0.0032287934
0.9999969 -0.0024852315 4.947059e-06 0.27234605 0.0024852315 0.9999969 7.73417e-06 0.9621948 -4.966265e-06 -7.721852e-06 1.0 0.0029744217
0.9999836 -0.005726785 -8.399819e-05 0.27815863 0.0057267854 0.9999836 4.2127435e-06 0.9605296 8.3972685e-05 -4.693714e-06 1.0 0.003264368
0.9999995 -0.00094647054 -2.1901926e-05 0.28517953 0.00094647054 0.9999995 1.634503e-06 0.9584691 2.1900369e-05 -1.6552317e-06 1.0 0.003096192
0.9999993 -0.0011755055 -0.000106032385 0.23970602 0.0011755067 0.9999993 1.1918633e-05 0.9708396 0.000106018306 -1.2043267e-05 1.0 0.0033779053
0.9999998 0.00056185166 7.071155e-05 0.276283 -0.00056185166 0.9999998 -4.664772e-07 0.96107215 -7.0711794e-05 4.2674773e-07 1.0 0.0028342516
0.99999845 -0.0017609263 -4.5057885e-05 0.27850518 0.001760927 0.99999845 1.4582407e-05 0.9604298 4.5032135e-05 -1.46617285e-05 1.0 0.0030780365
0.9999953 0.003071548 -0.00013325889 0.346162 -0.0030715505 0.9999953 -1.8535826e-05 0.9381679 0.00013320133 1.894505e-05 1.0 0.0035757236
0.9999999 0.000533391 -8.4804315e-06 0.3016099 -0.000533391 0.9999999 -1.7936492e-06 0.9534262 8.479474e-06 1.7981723e-06 1.0 0.0031631808
1.0 -7.9185746e-05 -5.9611142e-05 0.27977815 7.91854e-05 1.0 -5.6540193e-06 0.9600585 5.961159e-05 5.649299e-06 1.0 0.0034390644
0.99999505 -0.0031404144 7.282617e-05 0.26500311 0.0031404123 0.99999505 2.8128801e-05 0.96424395 -7.2914154e-05 -2.7899958e-05 1.0 0.002629029
