0.9999995484885016 -0.0004417897691648687 -0.0008413350059129354 0.5777630668627424 0.00044199043252463044 0.9999998739204579 0.00023833490341816643 -0.13153380465598885 0.0008412296059157054 -0.00023870665783026768 0.9999996176758676 -0.8055362790104978
0.9999997389074416 -0.0004816821934288324 -0.0005386718041291371 -0.0007678962113766286 0.00048243805806972667 0.9999988980852917 0.0014039521797187505 0.014410452251481687 0.000537994951793211 -0.0014042116889363744 0.999998869374843 -0.003038803226144693
0.9999990199125344 -0.001299762604042032 -0.0005203759644221623 0.5798464093267385 0.0013001393657098436 0.9999988924870523 0.0007243357637303439 -0.1157378972629266 0.0005194339235603928 -0.0007250116150941822 0.9999996022731994 -0.8067479765737977
0.9999981077979025 -0.0018629953275346304 -0.0005600437707254574 -0.001188064381236309 0.0018642973018656004 0.9999955400205021 0.002333309811126678 0.029113058508895256 0.000555694327665745 -0.00233434948412348 0.9999971210040056 -0.005862753227226847
0.9999988511218925 -0.0014514355947700763 -0.0004371379761071586 -0.5774967541073829 0.0014525905447246566 0.9999954245920394 0.0026534460040459253 0.1740882553360776 0.00043328467004340263 -0.0026540779380510066 0.9999963840608089 0.7984074044008254
0.9999993076109445 -0.0011305714316697858 -0.0003264749153720686 -1.1554016708146828 0.0011317123360505656 0.9999931790376388 0.0035158363706521804 0.31950599760823695 0.00032249778433953065 -0.0035162034120149936 0.9999937661349414 1.6014513555504473
0.9999995533448977 -0.000944870800007571 2.3003853079367004e-05 -0.5758956202715747 0.0009447874205135015 0.9999938118321909 0.003388757007371164 0.18973995565895366 -2.6205648272394364e-05 -0.0033887337600146156 0.9999942578818976 0.7968809660003809
0.9999990293975851 -0.0013929882813343523 2.806308041743457e-05 -1.1551018662307606 0.0013928726739620074 0.9999919335419502 0.0037673275336619046 0.3278296656712686 -3.331069715399211e-05 -0.0037672847887869738 0.9999929032026765 1.6002808394323984
0.9999998685379644 -0.0005061626873934328 -8.199627191575789e-05 -0.5745788627958488 0.0005062990117868591 0.999998475428852 0.0016711676403691673 0.19666670727552704 8.115026420266853e-05 -0.0016712089353056352 0.9999986002366849 0.7966706597881964
0.9999992683616239 -0.001197545095440023 0.0001707687385068402 -1.151445828953681 0.0011970126998437204 0.9999945268411268 0.0030843878464016194 0.34539558639702417 -0.0001744614974004339 -0.0030841811773968807 0.9999952286834426 1.5998544643255648
0.999998899188315 0.001480441452030061 9.95754248549377e-05 -0.5762611723304275 -0.0014804883223820198 0.9999987925489601 0.0004722869355063678 0.2046844238254703 -9.8876111466177e-05 -0.0004724338358623598 0.9999998835148856 0.794023849671994
0.9999993950004351 0.0010954238181168732 0.0001002268536848259 -1.1552275838558752 -0.001095503862814145 0.9999990782557547 0.0008020965828063423 0.34110208908640127 -9.934812560053049e-05 -0.0008022058964450631 0.9999996732977711 1.5978821176086386
0.9999987906082972 0.0015532876616851194 7.79703967719806e-05 -1.7296317739397047 -0.0015533915981502898 0.9999978806816244 0.0013511501779842321 0.4897509898316329 -7.587150662796368e-05 -0.0013512696624753205 0.9999990841564874 2.4028438127975305
0.9999992184483352 0.001186989523154995 0.0003926303488140346 -2.3051627004000803 -0.0011881685608558516 0.9999947446492552 0.0030164431608804836 0.6407268483734525 -0.0003890477989752837 -0.003016907314412476 0.9999953734453304 3.2065666772385155
0.9999993145995905 0.0011151371858599383 0.00035674837949809744 -1.7300788252033024 -0.001115621110074956 0.9999984540149561 0.0013591752048846392 0.49862395371415014 -0.00035523216115804993 -0.0013595722693301076 0.9999990126861904 2.4009083726092486
0.9999958629452435 0.002790610547144344 0.0006975565733383828 -1.1623291636244186 -0.002790554618670828 0.9999961031031704 -8.113812329721966e-05 0.35260648879659184 -0.0006977802799360081 7.919121790520752e-05 0.999999753415685 1.5907607183411434
0.9999914950750941 0.0040036553662654295 0.0009902126976942703 -1.7345373961746144 -0.0040042098292290065 0.9999918271036414 0.000558596066781043 0.502879690246594 -0.0009879681786489707 -0.0005625563353823524 0.9999993537244145 2.3969838286076186
0.9999732960895836 0.007280417567136271 0.000634529575122418 -1.158493979238882 -0.0072799049003647075 0.9999731758736047 -0.0008065468989826533 0.3562386954569483 -0.0006403845526338923 0.000801906046060822 0.9999994734270201 1.5928256349341914
0.9999703556864528 0.007566182905571765 0.001428504304464661 -0.5798446953478247 -0.007561816559234232 0.9999667952929471 -0.0030376375491295757 0.22395821113672373 -0.0014514401926960332 0.0030267454129425915 0.9999943660509151 0.788048100630224
0.999986784699314 0.004966058536360125 0.0013299208026547199 -1.1610906953397016 -0.004962669886457348 0.9999844618077558 -0.0025393012135177893 0.362786945694829 -0.0013425104565584008 0.002532667697967876 0.9999958916215625 1.589845874357763
0.9999878083970627 0.004912168066681345 0.0005036488107697011 -1.7397175376831382 -0.004911201917935608 0.9999861313053758 -0.001901918144917583 0.5107997761141949 -0.0005129843673956494 0.0018994214364803218 0.9999980645207486 2.3918952365237782
0.9999878946513624 0.00482642955344399 0.0009571460179438482 -2.313123632975504 -0.00482767419759352 0.9999874986432897 0.0013023513272998068 0.6704781017167689 -0.0009508483453851468 -0.0013069563510186458 0.9999986938754072 3.19545499299141
0.9999818379451448 0.005911342382270389 0.0011746536034701787 -1.7424533888622835 -0.005910861799996491 0.9999824457569089 -0.0004121781333957969 0.5282296814110908 -0.001177069509384402 0.0004052274322794171 0.9999992251487488 2.3866899718608616
0.9999871049379987 0.004745828142044801 0.001807504623808345 -2.3198288372318183 -0.004745817038188396 0.9999887384924941 -1.0432218361303361e-05 0.67057421953335 -0.0018075337780972952 1.853997595339869e-06 0.9999983664077671 3.190664862070027
0.9999845395060661 0.005099182054820674 0.002217902435087207 -1.744137447941388 -0.0050982686656160115 0.9999869166794654 -0.00041728468724953687 0.5264573387948985 -0.002220001228148402 0.0004059707733326156 0.9999974533878958 2.3857985694579726
0.9999812889953492 0.005718643810982406 0.0021722735008994805 -1.1676467641991222 -0.005716643719493744 0.9999832312688607 -0.0009258324221465365 0.39023444531639034 -0.002177531580481171 0.0009133969852247607 0.9999972120271937 1.5801300179737305
0.9999730916748077 0.006909468690975493 0.0024647857380499455 -0.5976195948624579 -0.00690335349939847 0.9999730939043424 -0.0024809630872187037 0.24494490057463078 -0.0024818615570647586 0.002463881041406044 0.9999938848080133 0.7714521003781274
0.9999732898153113 0.006883615098191202 0.002456725284289614 -0.025295154434858746 -0.0068773091402760875 0.9999730585176428 -0.002566097788546464 0.10209007858050642 -0.00247432312595041 0.0025491335883468295 0.9999936898015975 -0.03603612537024925
0.9999705763927159 0.0072588144965443175 0.00248112090071392 0.5505190737831357 -0.007251604117716794 0.9999694934036021 -0.0029028434101208613 -0.043740513897716576 -0.0025021164119875296 0.002884765891455643 0.999992708743023 -0.8405057723297628
0.9999685150692516 0.007571482312110962 0.0023751896330205585 1.1239887820726926 -0.007554617773427842 0.9999467472421635 -0.007030677784847497 -0.1704529019452197 -0.002428295800113328 0.007012512774626882 0.9999724636429189 -1.6498737136207355
0.9999631958222316 0.008246921341293527 0.0023654364033246444 0.5486833141789993 -0.008232168065798096 0.9999470157499966 -0.006180380377692223 -0.016779572062572412 -0.002416280183285585 0.006160680243853148 0.9999781035647758 -0.846500745258969
0.9999617945988207 0.008417672007727797 0.0023562980868458193 1.126880277902786 -0.008402297111887372 0.9999438294900358 -0.006460593474745848 -0.16364792481205964 -0.0024105488892270303 0.006440548328570732 0.9999763540160719 -1.6490703423041375
0.9999548272683383 0.00900956979328546 0.0030283782599876408 1.6979457402878309 -0.008982079767234807 0.9999194121500706 -0.008971702654053882 -0.30241916215868536 -0.0031089653907217184 0.008944096242641081 0.9999551677333328 -2.4581604370131505
0.9999454803032787 0.009863713169359767 0.003426891237880223 2.2635768539094365 -0.0098296956687591 0.9999036092375433 -0.009805575801254447 -0.4470823105638655 -0.00352328030438559 0.009771355906277418 0.9999460520946347 -3.27003112671483
0.99994303026859 0.010145970046237029 0.0033159476909441605 2.8380931029651006 -0.010107786564469062 0.9998846589691437 -0.011335846193679605 -0.5871839426862338 -0.003430578382049781 0.011301683502047813 0.9999302491083971 -4.076444551855841
0.9999250836270767 0.011951255562791741 0.002644735119941123 3.413068198827766 -0.011916820415929804 0.99984866841161 -0.012673975962767467 -0.737354329776515 -0.0027958048137028562 0.012641509640985796 0.9999161843421864 -4.880715957526136
0.9999012590948263 0.013726298087857195 0.0030101165064279427 3.975997845071448 -0.01367990581811692 0.9997950146220013 -0.01492611516100546 -0.8838359069056312 -0.0032143797825525586 0.014883463232574204 0.999884068422342 -5.694136734825148
0.9998737992265518 0.015678871050620553 0.0025609808350021525 4.545621679709914 -0.01563174022696839 0.9997248503083133 -0.017489207343305325 -1.0336347853465646 -0.002834487208629118 0.017446967604672247 0.9998437722982838 -6.502275945004685
0.9998920672336985 0.01447489005846825 0.0025162354648148397 5.12242734917289 -0.014420229206058502 0.999685217955556 -0.020531000725650405 -1.176141850701455 -0.002812627377365822 0.020492500065808432 0.9997860503969269 -7.306630938772551
0.9998724890710243 0.01581602886782627 0.002204275337437799 5.691849991360205 -0.015753747445653492 0.999541088657523 -0.025873374862037096 -1.3177856958979668 -0.002612477814209944 0.02583535012700628 0.9996627979691372 -8.11638082341741
0.9999195838310284 0.012504799219502307 0.0021108926212067797 6.262900384843573 -0.012434322199521078 0.9994536210698605 -0.03062428712282535 -1.4527287998204663 -0.0024926898356659073 0.03059557691599676 0.9995287375411279 -8.92612881310695
0.9999097504392344 0.013390609125318855 0.0010874574917312623 6.835607728146745 -0.01334451710143408 0.9993018566802825 -0.03489588942366648 -1.596356465320196 -0.0015539755059005682 0.03487822848987792 0.9993903613391191 -9.733208358523457
0.9999405247036693 0.01088352646818774 0.0007042066188890121 7.40689125933875 -0.01084470949214548 0.9990717076322042 -0.04169070981527529 -1.7181494377951947 -0.001157294853011362 0.04168059333175051 0.9991303162291375 -10.544874298947532
0.9999779220607558 0.006598308948552843 0.0007859453339460041 7.98252175425396 -0.006554690451918421 0.9988994493745589 -0.04644271818359829 -1.8400552642331147 -0.0010915237643033184 0.04643654119571173 0.998920645605871 -11.353446189878794
0.9999909934463439 0.004151824212628794 0.0008805577194124952 8.553858010191302 -0.004098948457427101 0.9985680787753106 -0.05333845397578264 -1.9540910734541124 -0.0011007487148055124 0.053334364219429324 0.9985761032317843 -12.166201206391648
0.9999992071000972 0.0008373997681143808 0.0009405109257317977 9.129740807427384 -0.0007819285285007999 0.9983448067591532 -0.057506829201437674 -2.0759232531531304 -0.0009871104038428821 0.057506048191954685 0.9983446699584237 -12.97460452394875
0.9999844530510181 -0.005461390467317036 0.0011255533819046469 9.698498574877982 0.0055222488310984795 0.9979332176485971 -0.0640218547166746 -2.173371116932194 -0.0007735787609899665 0.06402707495801371 0.9979478619889017 -13.791316539171685
0.9999044181153663 -0.013751037844304736 0.0014365206476164613 10.274482551308251 0.013818810626525811 0.9973043545391568 -0.0720629231304268 -2.247423545379211 -0.00044170831411585146 0.07207588622721278 0.9973990532972876 -14.60541646960816
0.999721716441028 -0.02330059805714533 0.003683993265459557 10.294891832328695 0.023517101725093345 0.9966734165398197 -0.07803234386645344 -2.2505351874230475 -0.0018535378745063605 0.07809726559246626 0.9969440212491001 -14.634365838792167
0.9994271196576369 -0.03334144741981623 0.005812088848846471 10.314122183363555 0.03371231341747709 0.9958898703303654 -0.08406453531310078 -2.2528274532657084 -0.002985367126013532 0.08421231535421309 0.9964433619257063 -14.661228645111521
0.9991419118864399 -0.0409072122372768 0.006483818233049221 10.893505596829533 0.04133494108073174 0.9947486828593454 -0.09362948571602343 -2.2998776978892623 -0.0026196484033731023 0.09381715161189372 0.995585998046212 -15.474924617008503
0.9989291088150345 -0.04589124709078116 0.005884641233679282 11.475057553014405 0.046250305479511894 0.9938755183310761 -0.10036116432756087 -2.368306712432789 -0.0012429018658413327 0.10052585489606534 0.9949336699963295 -16.28555078993049
0.998475856404371 -0.054805913726486466 0.006501999550757932 12.050529689008108 0.05518820421004021 0.9925011652852329 -0.10906740587142687 -2.399373230648683 -0.0004757032942507249 0.10926000516225647 0.9940130909491673 -17.10278190298284
0.9978722732978528 -0.06470069900011559 0.008046473281331006 12.068311571231057 0.065198180780454 0.9908944118516719 -0.117802639121733 -2.399459243788527 -0.00035129231435068633 0.11807660272053119 0.993004427222601 -17.127122248555235
0.9971798624917972 -0.07440496966578668 0.009809298133357864 12.085771089772415 0.07504853506459895 0.9889667712662799 -0.12772017348799783 -2.398447464053829 -0.00019805426925233763 0.1280961584911102 0.9917617329552119 -17.150364574763046
0.9962386639756999 -0.0858481842459145 0.011773430323709021 12.10127885373216 0.08665127621628149 0.9865493020063053 -0.13860747108636767 -2.3957138957837625 0.00028413024760719555 0.1391063045751259 0.990277413302683 -17.170315081252983
0.9953708749882476 -0.09513068070950847 0.013673873367532964 12.120037090381976 0.09610660246485529 0.9843608392681802 -0.14763894837712382 -2.3956803551396835 0.0005849681942396789 0.1482696587403704 0.9889467963996972 -17.19598013216861
0.9944451306522353 -0.10426810163007452 0.014389061974797399 12.13556518884443 0.10522236772576221 0.9813224496887467 -0.16104192953097082 -2.392725509409864 0.0026712267292067055 0.16166141382325497 0.9868426682244874 -17.21703638980794
0.9936560495122472 -0.11152921364373193 0.014453019467255026 12.151410932120136 0.11232299309310231 0.9778169537804505 -0.17679804897714096 -2.389420291429683 0.005585739907765221 0.1772998573138934 0.9841410265333693 -17.238600492166906
0.9928528109556027 -0.11840285271158721 0.014968642133203123 12.727079308259812 0.11909178736147874 0.9747500569575791 -0.18889010732232872 -2.3330330840093527 0.007774442784043948 0.18932271636269696 0.9818841413875904 -18.054337216577448
0.9920533063767468 -0.12453474385384905 0.017925816026515676 13.30554471035828 0.12557191552925662 0.9710988710270594 -0.2029745716100417 -2.2449381419866206 0.00786964657871255 0.20361257393202034 0.9790199121567966 -18.86527313251968
0.9910454737459267 -0.1316605755585255 0.022234248611222286 13.326241746678255 0.13335332390541785 0.9675179829300677 -0.21476928018295774 -2.242389913405171 0.006764611672882381 0.21581113398183704 0.9764116931286652 -18.894621671388098
0.9898788037741431 -0.1396954262276724 0.025002834434054117 13.344743765213105 0.14171538759647667 0.9636738975191053 -0.2263832329451838 -2.2390353328571204 0.007530123308985477 0.2276352501951344 0.9737173563778906 -18.920843390728944
0.9885255946327762 -0.14862549544949355 0.026974262887148593 13.362947419788933 0.1507639751034205 0.9597221001232294 -0.23707322570477887 -2.2353929187682473 0.009347329400851416 0.23841969850967829 0.9711172302022162 -18.946990212464616
0.9874549009995516 -0.15533567638379533 0.028348653131160244 13.938769634314271 0.15747056063144288 0.9555087789067883 -0.2494112987947288 -2.0880498623052173 0.011655085859032046 0.25074648766122865 0.9679826227258287 -19.751178499479085
0.9859914768606529 -0.16386965865850733 0.031105345670625607 13.95619227173709 0.16626399124066235 0.9507277723787678 -0.2616734377892164 -2.0831743303335983 0.013307620932010563 0.26317947830111244 0.9646551038719913 -19.77497561934359
0.9844075589316197 -0.17254437048701332 0.03420815884443778 13.97290069461242 0.17525573756221519 0.94539805806273 -0.2747870780490575 -2.077197604339627 0.015072636458506537 0.2764976528371526 0.9608963854681384 -19.79804346993857
0.9829046790146413 -0.18033868571333903 0.03709919684180152 13.98963051080003 0.18330815350763044 0.9396785151869591 -0.28879475229590085 -2.0705096396986056 0.01721954786701824 0.2906582985762021 0.956671960830901 -19.821363248955695
0.9813003174393934 -0.1882368759276822 0.0402065359652911 14.009178027158924 0.1915617977395934 0.9346495334875591 -0.2995568847452169 -2.064095991492029 0.01880863206395731 0.3016573024020301 0.9532308782595175 -19.84935133109989
0.9797381386847641 -0.19527681125849827 0.0444988380884609 14.02893005691855 0.19935328678158376 0.9294370348236494 -0.310491651011099 -2.0570238688714486 0.01927295140579611 0.31307150186966987 0.9495339846794202 -19.877377088496846
0.9779139707004465 -0.2030069146472294 0.049723822402296974 14.047082370170326 0.20808653501298915 0.9233372882353832 -0.32272007390370505 -2.049252286360315 0.01960254716028129 0.3259393268072092 0.9451874392866689 -19.902790801009058
0.9760747946242303 -0.21041196448657942 0.05481606060418255 14.065212768006548 0.21650461792099074 0.9172090040548566 -0.3344449032345685 -2.0412505551464064 0.02009342474913549 0.33831117049484466 0.940819752237514 -19.928773933695457
0.9748687010417535 -0.21485775336864504 0.058882608183906414 14.604026777859467 0.22178336846134483 0.911018488209926 -0.3476455833368757 -1.7794637819195849 0.021051204314732085 0.35196798143733904 0.9357752865083705 -20.72949058030005
0.9732178501445177 -0.22165540222377467 0.060958172750638806 15.144904580078194 0.22861148272643605 0.9053105792173066 -0.3579798110548155 -1.5114784643426962 0.024162080326435777 0.3623280803667265 0.9317373857756599 -21.526757833252443
0.9719851111096949 -0.22616647647299934 0.0639817841331359 15.675549364912452 0.2335295336151516 0.8984238452072288 -0.37188513185195105 -1.2131136296604834 0.026625189399540845 0.3764084474116393 0.9260711527774725 -22.320101729525213
0.9713506479143452 -0.22838001121836776 0.06573042881555285 16.21940149860201 0.23586215883083353 0.8925620125400255 -0.38432030365588815 -0.9260310025732499 0.029102591431648634 0.38881309680409815 0.9208568916642633 -23.108650029825206
0.9703371884886315 -0.23168804924027203 0.06903903587979543 16.755699899476163 0.23972776648448646 0.8852193819961639 -0.39864425709482576 -0.5995648029304208 0.031246417592013433 0.4033699215082388 0.9145033448873228 -23.88698404919645
0.9699061367619878 -0.23301498807886337 0.07061233038244628 17.300614382064595 0.24112886762199826 0.8790634239135902 -0.4112230124113244 -0.2842769273757519 0.03374840841826782 0.41587439458076525 0.908795649671209 -24.663940780420013
0.9686730078581316 -0.23741109027728388 0.07285998943472448 17.835703811078222 0.2455957445765272 0.8723198293475604 -0.4227775367411808 0.03781041717842254 0.03681486239250364 0.42742729152499087 0.9032998263957709 -25.444926724874783
0.9674072226897874 -0.24180911085387513 0.0751772531799833 18.370234490093843 0.25006509275771255 0.8655024759861767 -0.4340194850993111 0.38625144768766223 0.0398837670200046 0.43867279146289856 0.8977613642602582 -26.214904517703093
0.9654097396002674 -0.24900610328532705 0.07733042875606858 18.911891046241198 0.25702396097149866 0.8589647961583158 -0.44285230319737706 0.7353758010632238 0.043848810376817725 0.4474096998136673 0.8932535151574716 -26.97957461719874
0.9633274342427731 -0.25594249193907836 0.0805834676298278 19.437008705646885 0.2641557711325154 0.8518131800732804 -0.4523671460559747 1.1080265173459267 0.04713791480983812 0.45706427017811735 0.888183691537918 -27.744677804640983
0.9599017306946906 -0.2674344802415283 0.08406822340978824 19.456157566613857 0.2754965479718917 0.8444279828938822 -0.4593942030123332 1.1212979157609446 0.051868289589173555 0.4641337958861734 0.8842451583420651 -27.772306108003704
0.9577841266149945 -0.27358822281154416 0.08831223665591083 19.976759185752453 0.2824414792967131 0.83816747795505 -0.4665855652194472 1.5076781067300886 0.05363187090745322 0.47183128683596914 0.880056168199325 -28.533676124603335
0.9556749813071359 -0.2794739802520692 0.0926262622892019 19.99656782834318 0.2891616469999929 0.8317230347674919 -0.4739433883296622 1.5221868129625462 0.055415449180297206 0.4797198013415901 0.8756700521274723 -28.56242958365
0.9534024020202055 -0.2862196525655027 0.09540529496512078 20.527411228795092 0.29589677636355693 0.8253427844459689 -0.4808891617624852 1.9437483144282828 0.0588978570047716 0.48671100115803073 0.8715752657068644 -29.297610639362542
0.9523272030678731 -0.2890429188245823 0.09760681008149172 21.037490436600876 0.2988908612387659 0.8198605928291711 -0.4883573091433611 2.378943116020378 0.06113224488653901 0.4942497338422761 0.8671678322170223 -30.03951675635541
0.9508877643680179 -0.293077078997617 0.09959058861867466 21.5399419135682 0.3029293028641581 0.814991732849907 -0.4939861464176272 2.805482234826954 0.063610510463491 0.4998942899779158 0.8637473020542796 -30.79158516642265
0.9496527658628088 -0.2962282557933361 0.10202178570654398 22.035789333183377 0.30643928394219644 0.8104254574235349 -0.4993050602756239 3.2640098804981372 0.06522721476584246 0.5054299144584598 0.8603987517566504 -31.52907261351325
0.9486986906803123 -0.2983677181651673 0.10463029703852311 22.547152569142767 0.30920127093798827 0.8063336867030265 -0.5042028954084201 3.7333984988200895 0.06607093424337554 0.5106884475341208 0.8572233904901302 -32.24892118501906
0.9474623093971152 -0.3016656123536351 0.10636273123227012 23.063597859772074 0.3126793383460913 0.8033702862094407 -0.5067818215042925 4.193831839454824 0.06742999068169599 0.5134141033893224 0.8554876707455238 -32.97092215497599
0.9454190926549707 -0.30710250542301665 0.10895315693615662 23.569083450138578 0.3184289013735331 0.7997112153965783 -0.5089842892850125 4.672666362393914 0.06917928890567238 0.5158972990158293 0.8538525650571498 -33.688697758889575
0.9441154640551532 -0.3108853729181008 0.10952750995751007 24.078397067344344 0.3218823850390321 0.7980259405297238 -0.5094568955694206 5.145658251258749 0.07097690281707623 0.5162411095091298 0.8534971564798994 -34.40764025477979
0.9429822528183486 -0.31345368076539804 0.11194311450130534 24.57557051442383 0.32519853623669037 0.7959870624679988 -0.5105394288525401 5.63828054794595 0.07092519227427918 0.5178333577495609 0.8525363515432451 -35.12188239602163
0.9416869416783322 -0.3169404820714887 0.1130240447727741 24.07695333407308 0.328877421485672 0.7958640790285136 -0.5083699532319246 5.164141295829853 0.07117124074682424 0.5158964029108773 0.8536893790801023 -34.39622898215117
0.9417489459519337 -0.31698704136403544 0.1123749901254433 23.566983633712265 0.32884099343398543 0.7978335372678915 -0.5052971876509419 4.7065448194178945 0.07051612465081245 0.5128165972527348 0.8555972263549907 -33.66784970630015
0.941514115083794 -0.3173098001643191 0.11342690076721683 24.06477965103561 0.32960078245083235 0.7971486356401274 -0.5058827699229141 5.194340032483321 0.07010346143933631 0.5136813637039574 0.8551122506884471 -34.384965425865325
0.9410754710841394 -0.3182643892673054 0.11438853197794963 23.569431098659418 0.33092229762038666 0.7967889537856715 -0.5055865861183199 4.70487022822764 0.06976668733289847 0.5136488505286845 0.8551593229855767 -33.66729619677666
0.9416143957195621 -0.3164651049652262 0.11494419129746332 24.06583244434181 0.3296070625232761 0.7967442997812659 -0.5065152565331426 5.183777128134764 0.06871327461602705 0.5148284744508632 0.8545350360202527 -34.39133617165792
0.9407630801340612 -0.31876896897133106 0.11554726945118265 23.573659233981566 0.33196048617190743 0.7965261553812474 -0.5053200168349533 4.704351530616424 0.069043918466301 0.513743543233896 0.8551611012600466 -33.66475745778869
0.9404867883552821 -0.31954730642607115 0.11564652993067169 23.08039834801899 0.33278007118056546 0.7970474614647264 -0.5039571096806664 4.232312874524355 0.06886236384427721 0.5124498640144936 0.8559515825777181 -32.934091182712166
0.940300526974128 -0.3194859898252138 0.11731846094105147 23.556461195057192 0.3334696402311054 0.7959017832231583 -0.505310152783745 4.728652162655369 0.06806554206286403 0.5142655479104107 0.8549257442702778 -33.66004674383659
0.9401924968666993 -0.31977130686692073 0.11740689988318491 23.060441918399782 0.3338283710017907 0.7963274837830048 -0.5044017816048212 4.258062281884955 0.0677988757270352 0.5134285246034201 0.8554498597660176 -32.9303138877168
0.940878017492411 -0.317576948384205 0.11787042909280808 23.548940282981352 0.33210067607704 0.7961959419067407 -0.5057481221323609 4.740879339908786 0.06676598796333545 0.5149921396936159 0.8545907786215955 -33.657126818450934
0.9411298738850055 -0.316681837233404 0.11826738539287192 23.05343259193874 0.331580011432185 0.7966955927229662 -0.5053027098229652 4.269631549845839 0.06579708580038275 0.5147705765700599 0.8547993899143231 -32.92747097596188
0.9411155988269514 -0.31608656830147813 0.1199612895228295 23.538316981267496 0.3318809517544016 0.7960702970894238 -0.5060900275193607 4.767722784885554 0.06447064066052403 0.5161020862497513 0.8540972854783403 -33.64635361628775
0.9415989893463713 -0.3138925989647595 0.12191300003295984 24.022750466112814 0.33078813179049377 0.7944701037588365 -0.5093097938386584 5.26867303351575 0.06301234108048366 0.5198929606645645 0.8519041931596442 -34.36355166923963
0.9419336326331768 -0.3121672700422845 0.12374420078860733 24.500520013497212 0.3302543001652545 0.7944959389607955 -0.5096158358971592 5.753424564029838 0.060771119265833375 0.5208913499849521 0.8514570291999627 -35.09618542034338
0.9423892228020143 -0.31092965954986096 0.12339084066015184 24.51722773024469 0.32904983431027135 0.7951932342963525 -0.5093073008211129 5.7699032670339285 0.06023918398347339 0.5205674470628262 0.8516928870029918 -35.12101819837088
0.9432657305864973 -0.308515313441431 0.12275203816333592 24.534873260140678 0.3266378372781324 0.7957749835468804 -0.5099508788297408 5.787556109201418 0.05964465407211416 0.5211146485497145 0.8514000459875014 -35.147637064637344
0.9431748404143304 -0.3087803565247431 0.12278400479643456 25.01639441407921 0.3268180253594833 0.7951550068639548 -0.5108018141699486 6.27817918163301 0.060093250116187914 0.5219034455563898 0.8508851830927814 -35.87387833247296
0.9436599274910374 -0.3066651564041571 0.12434799192274781 25.492138359077188 0.32581186063606776 0.7952627430520373 -0.5112766384084175 6.757987177652452 0.05790140513381052 0.5229853261430559 0.8503727276450993 -36.61107029238135
0.9430892787107619 -0.3084113706078622 0.12435850940161192 25.002220926738453 0.3273709516112928 0.7953878622111821 -0.5100847073655915 6.274523920365665 0.0584026747840131 0.5217667823145711 0.8510866891516783 -35.88564339162272
0.9438640593095845 -0.3058820341071184 0.12472697684992258 25.490159679672285 0.32531777384960914 0.7951730394224756 -0.511730576957402 6.760261395778849 0.05734966051480789 0.5235800020876555 0.8500441152391567 -36.61088464690582
0.944209332541436 -0.30442925941823623 0.1256644832548813 25.97361792469108 0.3244818311531314 0.7945510324579217 -0.5132252897817485 7.25203821609625 0.05639394996950913 0.5253679499456644 0.8490042635798251 -37.335055679412534
0.9451643088297839 -0.30125248286870215 0.12614028254192008 25.99236529179029 0.32199827661876423 0.7949779410970036 -0.5141275941084208 7.271581470692095 0.05460347213190307 0.5265520057265062 0.8483875565427209 -37.36355726211618
0.9457658531180739 -0.2993422615341611 0.12617908517441243 26.482341642486286 0.3202535067158164 0.7940716909514669 -0.5166118862992787 7.767216431209303 0.05444853085309918 0.5290031758780728 0.8468712991941845 -38.08068288686525
0.9465667787593803 -0.2963649095398026 0.12719738103653 26.961019622862253 0.3182850964829979 0.7948329187027575 -0.5166577481304836 8.250169328441148 0.052018561167115146 0.529536091064543 0.8466909693354358 -38.81391128931468
0.9480179623232855 -0.2912811683129637 0.1281297159078908 27.438005212205034 0.3143775709139552 0.7949452714482595 -0.518872583885767 8.736847237389993 0.04928170064682408 0.5321816385298197 0.8451946625441185 -39.54577832676103
0.9489030747892567 -0.2886848823209925 0.12745192573988634 27.454095609235253 0.3118118672390104 0.7956091246801485 -0.5194030036249383 8.753272783794644 0.048541879901923324 0.5326041301426401 0.8449713169395645 -39.56902932110362
0.948922916600793 -0.2892396356961751 0.1260386111165333 26.968491751110555 0.31154696104592494 0.795895142980078 -0.5191236966694621 8.272847309712075 0.04983763049032162 0.5318753185879758 0.8453548699002345 -38.83870045215009
0.9489930895376878 -0.29009789472678765 0.12351245882418477 26.986547198130694 0.3109803399005189 0.7965960372418902 -0.5183878679578375 8.290551970393288 0.05199369389712733 0.5303564508192563 0.8461788764022218 -38.865813268987345
0.9490088415059004 -0.2907925183854291 0.12174534896530913 26.49852636397203 0.3109459436755969 0.7998419767229962 -0.5133862409371134 7.841651043920933 0.05191183733328639 0.5250643041789312 0.8494778617608405 -38.11726559272394
0.9476923754914646 -0.2950153243406902 0.12184055088310386 26.519030511583324 0.3148208555676648 0.8010443146147934 -0.509132433579866 7.861400211859436 0.05260218945048269 0.5208588718909073 0.8520205662057341 -38.14776919472945
0.9475146638982644 -0.29465290996954063 0.12407910518792666 26.042030830757056 0.3157189831986554 0.8011923146092141 -0.5083427964072419 7.375944287006715 0.05037345874329104 0.5208363828090424 0.8521689838269305 -37.41510020431357
0.9467940049875067 -0.29678413310225027 0.12450016248366581 25.54819189434673 0.31784333172934004 0.8014651482966765 -0.5065858590021802 6.894763353997886 0.050564103817887826 0.5192040007593628 0.8531532552833394 -36.690815719740094
0.9470679622817134 -0.29517188173341974 0.126237217386604 25.06730858004339 0.3174344185180339 0.8023018488342114 -0.505516699325869 6.425191378613951 0.04793396248672383 0.5188307080263794 0.8535320917511888 -35.95037436624972
0.9478784289662193 -0.2926635135386889 0.1259942528201955 25.547908582608326 0.31511483120703865 0.802422941616768 -0.506774176453822 6.904952923946206 0.047213632076861155 0.5200629679281913 0.8528220109353561 -36.68444009706337
0.9479574892052709 -0.2928275361808044 0.12501453001117935 25.06544861678968 0.3147638959451339 0.8027378786836392 -0.5064934233886251 6.431697648011269 0.04796132263686385 0.5194842944505319 0.8531329200951918 -35.94737712473196
0.9484480110686795 -0.29126249200729276 0.12495011424390741 25.547145714629668 0.3133606322729921 0.8027784279063617 -0.507298639688358 6.912930451026232 0.047449809708094634 0.5203008326323233 0.8526638019294416 -36.67975878427491
0.9485026884232454 -0.29115300018941614 0.12479014598346817 26.041743978968487 0.31318338373718796 0.8028254371682795 -0.5073337023956551 7.388140896703459 0.04752702604622627 0.5202895808261577 0.8526663672732353 -37.40745898987628
0.9482443197064725 -0.2911889667644002 0.1266558162071049 26.51936427741319 0.31418234733026507 0.8024860660039381 -0.5072529610515493 7.879594917476937 0.04606693793222394 0.5207927606103988 0.8524392868265409 -38.13571155319424
0.9490711354291969 -0.2884264609560377 0.12678389690930306 26.034408013414186 0.31200706284417623 0.8045110185403266 -0.5053846196537376 7.417624671596882 0.04376725523132369 0.5192034260938361 0.8535292787608002 -37.3931478091765
0.9493288156895195 -0.2875644148407516 0.12681288191200848 26.51080918910184 0.31124408086634486 0.8042240841598659 -0.5063109169106327 7.913492530127006 0.043611028733530184 0.5201253019941607 0.8529758193514508 -38.11920358298466
0.9490314477523223 -0.2891094691491073 0.12551902654757435 26.99165653637085 0.31187325830798696 0.8038418369005743 -0.5065307216750683 8.392666380319744 0.04554538318521743 0.519859611911358 0.8530366943888623 -38.85349116283047
0.9490391598598286 -0.2886719812974714 0.126464067095527 27.46745239006177 0.3118678565350408 0.8023731032698633 -0.5088573898542929 8.87921307362001 0.04542150495953065 0.5223656672895697 0.8515110078703195 -39.58621936677045
0.9493705372013741 -0.2872837743110313 0.1271362108589914 27.951763695227505 0.3109210811665398 0.8012616416602639 -0.5111828077020234 9.389351509922877 0.04498515733220485 0.5248312248918722 0.8500167768922486 -40.29699453199158
0.9499411708592373 -0.28451875649745473 0.12907691159817197 28.42319673300546 0.3095154998852437 0.8007256863879453 -0.5128728209696207 9.878102658296715 0.042566738627334115 0.5271503128707138 0.8487052612084682 -41.03107436815022
0.9501296424803191 -0.2835229423838675 0.12987841861608287 28.89661289147501 0.30907322103604074 0.800599410092065 -0.5133364672401904 10.354047077259262 0.04156208029715076 0.5278781352757727 0.8483025803209252 -41.772258590161414
0.9508842952679345 -0.2816008107027776 0.12853030936063742 28.915998989277924 0.30677550024352573 0.8018608430323002 -0.5127455322690372 10.372910283997614 0.041326135352063434 0.5269916240539905 0.8488651122020471 -41.80154673535749
0.9509668454067992 -0.2815525477676352 0.12802430153136427 28.43150152842785 0.3065159281673982 0.8025607493838491 -0.5118048742715409 9.90337290273416 0.04135268693468953 0.5259509543616999 0.8495090045957677 -41.06344318027454
0.9507180392759503 -0.2820679068139532 0.12873579821047176 28.908452477560058 0.3072619114171803 0.8014775518988083 -0.5130534588077043 10.398265665688587 0.04153706281807852 0.5273247858273713 0.8486478908620214 -41.78980324614905
0.9501435341095427 -0.28369922537378045 0.12939093520083034 29.385618734028416 0.3089569561596014 0.8005247515871511 -0.513522853763023 10.88387381226502 0.042105389565027004 0.5278966486147094 0.8482642657514979 -42.52226286392096
0.950035151178497 -0.28370233798725464 0.1301775516201488 29.865049920191854 0.3092480924569012 0.7987995112245263 -0.5160280594882615 11.381614601420356 0.042412602337263586 0.5305019550275177 0.8466220212556224 -43.24503519636385
