0.9999998 -0.00060339057 1.823165e-05 0.29915953 0.0006033905 0.9999998 2.8148595e-06 0.9541984 -1.8233346e-05 -2.8038583e-06 1.0 0.0029940335
0.99999887 -0.001510038 -3.1257598e-05 0.279702 0.0015100385 0.99999887 1.3268024e-05 0.96008176 3.1237527e-05 -1.3315209e-05 1.0 0.0031362872
0.99999994 -0.00021106118 -0.00012429815 0.27677217 0.00021106238 1.0 9.629369e-06 0.96092945 0.00012429612 -9.655603e-06 1.0 0.0034280804
0.9999988 0.0015537334 -5.4671185e-05 0.2888176 -0.0015537342 0.9999988 -1.4081602e-05 0.9573779 5.4649237e-05 1.4166529e-05 1.0 0.003447005
0.9999991 0.0013322859 -8.76148e-05 0.30538294 -0.001332287 0.9999991 -1.1346963e-05 0.95222324 8.75996e-05 1.1463681e-05 1.0 0.0034936732
0.9999974 0.0022918894 -2.6368505e-06 0.29021415 -0.0022918894 0.9999974 -9.9641875e-06 0.9569564 2.6140067e-06 9.970205e-06 1.0 0.0031964185
0.9999987 -0.0016022343 5.239748e-05 0.26365712 0.0016022336 0.9999987 1.32328705e-05 0.96461225 -5.2418614e-05 -1.31489005e-05 1.0 0.0028578534
0.999999 0.0014222831 1.0853919e-06 0.29175353 -0.0014222831 0.999999 -1.8853802e-05 0.956488 -1.1122062e-06 1.8852239e-05 1.0 0.003247809
0.9999997 0.0007531408 -6.121708e-05 0.29515916 -0.00075314014 0.9999997 1.1098927e-05 0.95544267 6.1225415e-05 -1.1052818e-05 1.0 0.003223572
0.99999887 -0.0015212535 -4.4060005e-05 0.2665019 0.0015212537 0.99999887 5.314575e-06 0.96382886 4.405187e-05 -5.381595e-06 1.0 0.0032610674
0.99999976 -0.0006724053 -5.357039e-05 0.26933697 0.000672406 0.99999976 1.3144435e-05 0.96304077 5.3561544e-05 -1.3180453e-05 1.0 0.0031809204
0.99999994 0.00028813956 -2.9008894e-05 0.30099604 -0.00028813945 0.99999994 4.244008e-06 0.9536201 2.9010116e-05 -4.235649e-06 1.0 0.0031809234
0.9999973 0.0023079475 -3.5185476e-05 0.30535346 -0.0023079473 0.9999973 2.874066e-06 0.95223373 3.5192013e-05 -2.7928522e-06 1.0 0.0031842878
0.9999993 0.0011762177 9.1645725e-06 0.29976088 -0.0011762177 0.9999993 -1.090775e-05 0.9540092 -9.177395e-06 1.0896963e-05 1.0 0.003155032
0.99999803 0.001990002 -5.73169e-05 0.29594988 -0.001990002 0.99999803 5.1513445e-07 0.9551977 5.731781e-05 -4.010727e-07 1.0 0.003324372
0.9999982 -0.001880941 -4.6489413e-06 0.2593566 0.001880941 0.9999982 1.4568674e-05 0.965777 4.6215305e-06 -1.4577392e-05 1.0 0.002997561
0.9999994 0.001108201 -2.387117e-05 0.29675114 -0.0011082009 0.9999994 5.0856934e-06 0.9549498 2.387679e-05 -5.059236e-06 1.0 0.0031057473
1.0 5.6766054e-05 -6.0107584e-05 0.26481435 -5.6765177e-05 1.0 1.4596304e-05 0.9642938 6.0108414e-05 -1.4592892e-05 1.0 0.0032894744
0.99999875 -0.0015712315 -9.145233e-05 0.24457923 0.0015712343 0.99999875 3.0851348e-05 0.9696241 9.1403745e-05 -3.0995005e-05 1.0 0.0031736584
0.99999994 0.0003193662 -0.00010043597 0.28937662 -0.0003193672 0.99999994 -9.758324e-06 0.9572093 0.00010043285 9.790399e-06 1.0 0.0033980957
0.99999887 -0.0015053248 -0.00014744535 0.27799237 0.0015053253 0.99999887 3.4938134e-06 0.9605769 0.00014743992 -3.7157627e-06 1.0 0.0035048258
0.99999595 0.0028505828 5.8108646e-05 0.32056054 -0.0028505821 0.99999595 -1.1493149e-05 0.94722337 -5.814117e-05 1.1327459e-05 1.0 0.0029788997
0.9999959 0.002876719 -2.8761926e-05 0.311493 -0.0028767192 0.9999959 -7.3267734e-06 0.95024276 2.874073e-05 7.4094833e-06 1.0 0.0032944826
0.9999999 0.0004866905 -3.1021566e-05 0.26977897 -0.00048669017 0.9999999 1.02854265e-05 0.9629171 3.1026568e-05 -1.0270328e-05 1.0 0.003158637
0.9999955 -0.0029873126 -0.00010202598 0.24027121 0.0029873152 0.9999955 2.4829753e-05 0.9707003 0.00010195135 -2.5134426e-05 1.0 0.0032599715
0.9999983 0.0018457948 -3.3333898e-05 0.29802516 -0.0018457945 0.9999983 9.3328235e-06 0.95455265 3.335107e-05 -9.27128e-06 1.0 0.0031947216
0.9999997 0.0007885294 -8.536754e-05 0.29045287 -0.0007885293 0.9999997 9.236891e-07 0.9568836 8.536824e-05 -8.56374e-07 1.0 0.003292215
0.9999998 0.0006306538 -5.4926994e-07 0.29631406 -0.0006306538 0.9999998 -5.0002127e-06 0.9550855 5.4611644e-07 5.000558e-06 1.0 0.003100442
0.99999917 0.0012695615 1.03651955e-05 0.29445672 -0.0012695614 0.99999917 -1.37431825e-05 0.9556598 -1.0382635e-05 1.3730012e-05 1.0 0.0030886023
0.99999434 0.003362668 -1.6724345e-05 0.31045678 -0.0033626682 0.99999434 -1.2341893e-05 0.9505821 1.6682749e-05 1.2398062e-05 1.0 0.0031984616
0.99999845 0.001765452 -3.2504988e-05 0.30402154 -0.0017654522 0.99999845 -6.1460523e-06 0.95265985 3.2494085e-05 6.2034287e-06 1.0 0.0031875472
0.9999981 0.0019462793 5.9688533e-05 0.27950627 -0.0019462795 0.9999981 3.691902e-06 0.9601397 -5.9681235e-05 -3.8080657e-06 1.0 0.0028372754
0.9999956 0.0029772983 -6.38247e-05 0.320748 -0.0029772988 0.9999956 -4.8811717e-06 0.9471585 6.380988e-05 5.0711756e-06 1.0 0.0033871986
0.99999607 0.0027975158 -8.16423e-05 0.3075813 -0.0027975163 0.99999607 -7.7856175e-06 0.95151585 8.1620194e-05 8.0139835e-06 1.0 0.0033708522
1.0 9.878917e-05 -1.7656805e-05 0.25024468 -9.8789045e-05 1.0 6.7842548e-06 0.9681782 1.7657474e-05 -6.7825104e-06 1.0 0.0029180252
0.9999998 0.00059175387 -9.134578e-05 0.2773899 -0.0005917521 0.9999998 1.9268266e-05 0.96075207 9.1357164e-05 -1.9214209e-05 1.0 0.0032044505
0.9999998 -0.00056266604 1.6381846e-05 0.2596257 0.000562666 0.9999998 3.1609043e-06 0.9657052 -1.6383623e-05 -3.1516863e-06 1.0 0.002824003
0.9999979 0.0020406146 -3.0481891e-05 0.28517494 -0.002040615 0.9999979 -1.8928944e-05 0.9584704 3.0443201e-05 1.8991106e-05 1.0 0.0031155362
0.999982 0.005994138 -0.00024681474 0.308774 -0.005994148 0.99998206 -4.204931e-05 0.9511277 0.00024655825 4.3527998e-05 0.99999994 0.0038314627
0.9999875 0.0049980083 -0.00017812222 0.29217562 -0.0049980166 0.9999875 -4.785215e-05 0.95635736 0.00017788084 4.874181e-05 1.0 0.0037425123
0.99999875 0.0015786248 -4.4510634e-05 0.2535914 -0.0015786253 0.99999875 -1.0422391e-05 0.96730703 4.4494125e-05 1.0492644e-05 1.0 0.0029083872
0.99999905 0.001395074 -2.7228634e-06 0.26651636 -0.0013950741 0.99999905 -1.6444576e-05 0.96382606 2.6999194e-06 1.6448359e-05 1.0 0.0028934374
0.9999974 0.0022859806 -1.4661165e-05 0.27425137 -0.0022859809 0.9999974 -2.2548873e-05 0.9616536 1.460958e-05 2.258233e-05 1.0 0.0029288768
0.9999902 0.004421764 2.4318675e-05 -0.2753718 -0.0044217627 0.9999902 -5.1614803e-05 -0.9613334 -2.4546665e-05 5.1506766e-05 1.0 -0.0029101768
0.9687995 0.24784563 -0.0002955581 -0.98543036 -0.24784522 0.96879387 -0.0033523757 0.16957866 -0.0005445368 0.0033210325 0.99999434 -0.013042029
0.999993 0.0037373991 6.88155e-06 -0.27896887 -0.003737399 0.999993 -4.6483914e-05 -0.96029574 -7.0552305e-06 4.6457873e-05 1.0 -0.002918801
0.99999857 0.0016816908 -0.00010606547 -0.27545583 -0.0016816952 0.99999857 -4.189406e-05 -0.96130836 0.00010599486 4.207237e-05 1.0 -0.0032105946
0.99998623 0.0052502863 -2.4886785e-05 -0.29087633 -0.0052502877 0.99998623 -6.143413e-05 -0.95675576 2.4563897e-05 6.156395e-05 1.0 -0.0030732471
0.9262716 0.37685645 -0.00037465183 -0.97117174 -0.3768557 0.9262666 -0.0031594438 0.23825203 -0.0008436293 0.0030676927 0.99999493 -0.007837138
0.92746466 0.3739046 -0.0021450336 -0.92777383 -0.37390772 0.9274187 -0.009357594 0.3723956 -0.001509503 0.009480882 0.9999539 -0.023606522
0.94023126 0.34053305 -0.0015414312 -0.9223501 -0.3405322 0.9401869 -0.009294788 0.3855396 -0.0017159493 0.009264158 0.9999556 -0.025089875
0.99997944 0.006414604 -3.7190566e-05 -0.30989638 -0.0064146067 0.99997944 -6.952557e-05 -0.9507655 3.6743822e-05 6.9762704e-05 1.0 -0.0030385323
0.9999588 0.009072597 -5.099153e-05 -0.3338954 -0.009072601 0.9999588 -8.719314e-05 -0.9426047 5.0198363e-05 8.765217e-05 1.0 -0.0031932655
0.91148925 0.4113233 -0.0006657123 -0.9557954 -0.4113227 0.9114818 -0.003809925 0.29390532 -0.0009603263 0.0037465282 0.99999255 -0.008648438
-0.9997136 -0.0028188282 0.023765273 0.0026962028 0.0026288088 -0.99996436 -0.008023129 0.9938756 0.023787042 -0.007958357 0.99968535 -0.11047155
0.9999992 0.0008950939 0.0008967992 0.08591475 -0.00089499477 0.9999996 -0.00011093075 -0.9962972 -0.00089689816 0.00011012803 0.9999996 0.0032532276
0.95802957 0.28666684 -0.0011973069 -0.9861712 -0.28666902 0.9580136 -0.005548576 0.16457483 -0.00044355646 0.0056589306 0.9999839 -0.019532448
0.99999505 0.0027566294 0.0015316587 0.10486041 -0.0027560815 0.9999961 -0.00035969564 -0.9944625 -0.0015326443 0.00035547247 0.99999875 0.006971832
0.99998695 0.0050318846 0.00089953694 -0.24915345 -0.0050318814 0.99998736 -6.088537e-06 -0.96846265 -0.0008995562 1.5620942e-06 0.9999996 0.0016381523
0.99991065 0.013365489 -0.00026661702 -0.339528 -0.013365521 0.99991065 -0.00011495415 -0.9405885 0.0002650568 0.00011850735 0.99999994 -0.0037542696
0.9999796 0.006343053 0.0007342095 -0.1473971 -0.00634297 0.99997985 -0.00011570526 -0.9890774 -0.00073492865 0.00011104583 0.9999997 -0.00025406695
0.9556348 0.2945541 0.00012726414 -0.9969184 -0.2945535 0.9556335 -0.0016662041 0.07826325 -0.0006124051 0.0015547966 0.9999986 -0.005350945
0.9999887 0.00442052 0.0017682393 0.01327601 -0.004419847 0.99999017 -0.0003843301 -0.9999025 -0.0017699208 0.0003765104 0.9999984 0.0043274784
0.9359425 0.3521524 -0.00058099313 -0.98710823 -0.35215244 0.9359375 -0.003105196 0.15981705 -0.0005497289 0.0031108828 0.999995 -0.008708951
0.99996406 0.008475351 -0.00020504584 -0.29500306 -0.008475365 0.99996406 -6.669512e-05 -0.9554902 0.00020447321 6.8430556e-05 1.0 -0.0034286755
0.99999917 -0.0011328072 0.0006273694 -0.055797312 0.0011328195 0.99999934 -1.9029367e-05 -0.9984417 -0.00062734744 1.9740048e-05 0.9999998 0.00090495177
0.9436387 0.3309764 -0.00077655725 -0.9728488 -0.33097655 0.9436288 -0.00439052 0.23107773 -0.00072037673 0.0044000866 0.99999005 -0.012972613
0.99999875 0.00051107997 0.00151576 -0.06743125 -0.0005106824 0.9999998 -0.0002626679 -0.9977205 -0.001515894 0.00026189347 0.9999988 0.0026180267
0.95348233 0.30144882 -0.00017407244 -0.99550587 -0.30144837 0.95347965 -0.0023338622 0.0943992 -0.0005375655 0.0022777703 0.99999726 -0.0075390656
0.9999681 0.0077814045 0.0017891689 0.08748529 -0.007780704 0.99996966 -0.0003982707 -0.99615175 -0.0017922138 0.000384337 0.99999833 0.005296016
0.9350586 0.3544926 -0.0006089325 -0.9594135 -0.35449198 0.93504995 -0.004128298 0.28178272 -0.00089406874 0.0040760622 0.9999913 -0.011143354
0.95104396 0.3090555 -0.00024317927 -0.98169607 -0.30905473 0.9510392 -0.0030968864 0.19021104 -0.0007258368 0.003020431 0.9999952 -0.009622773
0.94634587 0.32315525 -0.0004229056 -0.9883454 -0.3231551 0.9463417 -0.0028701404 0.15197344 -0.0005272877 0.0028528094 0.99999577 -0.00880491
0.99999833 -0.0015954286 0.0009183096 -0.17510408 0.0015954961 0.99999875 -7.2819224e-05 -0.98454964 -0.00091819227 7.428426e-05 0.9999996 0.0007183439
0.9998901 0.014827634 -9.8324235e-05 -0.37172666 -0.014827645 0.99989 -0.000108390246 -0.9283364 9.670625e-05 0.00010983625 1.0 -0.003287626
0.9999193 0.0126996245 -0.00029857145 -0.31639764 -0.0126996515 0.99991935 -8.797181e-05 -0.94861937 0.00029743018 9.175647e-05 0.99999994 -0.0037177333
0.9999964 0.0026017795 0.0006010025 -0.18445455 -0.0026017693 0.9999966 -1.7772712e-05 -0.982841 -0.00060104666 1.6208978e-05 0.9999998 -6.562747e-05
0.99999845 0.0015259624 0.0008658218 -0.18300845 -0.0015259247 0.9999988 -4.4162174e-05 -0.9831111 -0.00086588814 4.284093e-05 0.99999964 0.00066758774
0.99993944 0.011003749 -0.00015141032 -0.32207263 -0.011003762 0.99993944 -8.171961e-05 -0.94670933 0.00015050193 8.338074e-05 1.0 -0.0032691834
0.99990076 0.01408787 -0.00017220802 -0.34658492 -0.014087888 0.99990076 -0.00010413948 -0.93801224 0.00017072383 0.00010655519 1.0 -0.0034476677
0.9251955 0.37949067 -0.00035304023 -0.9740072 -0.37949008 0.9251914 -0.0028593077 0.22640558 -0.00075845077 0.002779394 0.9999958 -0.0071073202
0.9999743 0.007170844 -0.00011319592 -0.29427442 -0.0071708513 0.9999743 -6.672854e-05 -0.955716 0.000112714515 6.753854e-05 1.0 -0.0030773801
0.9999906 -0.004300032 0.00057777704 -0.05283218 0.0043000653 0.99999076 -5.7000245e-05 -0.9986034 -0.00057752663 5.9484188e-05 0.9999998 3.41884e-05
0.99999726 -0.002246268 0.00067594147 -0.085495345 0.002246293 0.9999975 -3.5900463e-05 -0.99633855 -0.0006758591 3.741873e-05 0.99999976 0.00012409336
0.93456763 0.35578498 -0.0006047816 -0.9772616 -0.35578477 0.934561 -0.003585354 0.21180949 -0.0007104097 0.003565928 0.9999934 -0.009823298
