0.9999999 -0.00046064195 -4.9554117e-05 0.0 0.00046064277 0.9999999 1.6241194e-05 0.0 4.954663e-05 -1.6264019e-05 1.0 0.0
0.9999963 0.002715735 2.0000689e-05 0.0 -0.0027157352 0.9999963 5.659955e-06 0.0 -1.9985244e-05 -5.714251e-06 1.0 0.0
0.9999993 -0.0011911128 -2.453696e-06 0.0 0.0011911128 0.9999993 1.3104736e-05 0.0 2.4380852e-06 -1.31076495e-05 1.0 0.0
0.99999857 -0.0017068383 -4.141972e-05 0.010987778 0.0017068391 0.99999857 1.9543388e-05 0.010987778 4.13863e-05 -1.9614057e-05 1.0 0.010987778
0.9999898 -0.004516834 -1.8918172e-05 0.0039043033 0.0045168344 0.9999898 2.2970726e-05 0.0039043033 1.8814224e-05 -2.3055942e-05 1.0 0.0039043033
0.9999979 0.0020555812 2.9987168e-05 0.0 -0.0020555817 0.9999979 1.4858548e-05 0.0 -2.9956562e-05 -1.4920157e-05 1.0 0.0
0.9999993 -0.001211112 -1.4700572e-05 0.0 0.0012111124 0.9999993 2.2730439e-05 0.0 1.4673032e-05 -2.2748225e-05 1.0 0.0
0.99998343 -0.0057563744 -5.8042195e-05 0.00221238 0.0057563763 0.99998343 3.1733427e-05 0.00221238 5.7858564e-05 -3.206701e-05 1.0 0.00221238
0.99999404 -0.003452334 -1.7156111e-05 0.009173487 0.0034523346 0.99999404 2.2569839e-05 0.009173487 1.707809e-05 -2.2628932e-05 1.0 0.009173487
0.99999225 -0.0039401446 -8.302858e-05 0.0012103961 0.003940147 0.99999225 2.3429038e-05 0.0012103961 8.293562e-05 -2.3756e-05 1.0 0.0012103961
0.99999994 -0.00033831754 -0.00013573628 0.0 0.00033831797 0.99999994 3.1115856e-06 0.0 0.00013573522 -3.1575073e-06 1.0 0.0
0.99999976 -0.0006482421 -6.687274e-05 0.00017361733 0.00064824143 0.99999976 -1.0165185e-05 0.00017361733 6.687931e-05 1.0121833e-05 1.0 0.00017361733
0.99999994 -0.00033514536 -1.5236238e-06 0.0 0.00033514536 0.99999994 -1.3814437e-06 0.0 1.5240867e-06 1.3809329e-06 1.0 0.0
0.99999976 -0.0006664173 -6.872883e-05 0.0 0.00066641707 0.99999976 -2.9589264e-06 0.0 6.8730784e-05 2.9131238e-06 1.0 0.0
0.99999934 -0.0011357256 4.423522e-05 0.011962235 0.0011357252 0.99999934 9.555838e-06 0.011962235 -4.4246048e-05 -9.505593e-06 1.0 0.011962235
0.99999994 -0.0003819016 -6.781178e-05 0.0 0.00038190262 0.99999994 1.4919663e-05 0.0 6.780608e-05 -1.494556e-05 1.0 0.0
0.99999815 0.0019297142 -4.4249377e-05 0.00068767276 -0.0019297136 0.99999815 1.3537408e-05 0.00068767276 4.4275417e-05 -1.3451994e-05 1.0 0.00068767276
0.9999967 0.0025520066 -4.0378586e-06 0.0 -0.0025520066 0.9999967 1.8364235e-05 0.0 4.0847112e-06 -1.835387e-05 1.0 0.0
0.99999523 -0.0030880335 -3.335514e-05 0.00073515053 0.0030880338 0.99999523 6.035099e-06 0.00073515053 3.3336346e-05 -6.1380724e-06 1.0 0.00073515053
0.9999998 -0.00054565305 -0.00010089362 0.0 0.00054565363 0.9999999 5.8615014e-06 0.0 0.00010089041 -5.9165536e-06 1.0 0.0
0.99999523 0.0030970157 -2.5636924e-05 0.0010935258 -0.003097016 0.99999523 -7.424084e-06 0.0010935258 2.5613808e-05 7.5034463e-06 1.0 0.0010935258
0.99999994 0.0003068286 -2.7111271e-05 0.002051051 -0.00030682847 0.99999994 4.448608e-06 0.002051051 2.7112636e-05 -4.4402886e-06 1.0 0.002051051
0.99999917 -0.0012751403 -1.902953e-05 0.0002685839 0.0012751404 0.99999917 3.252157e-06 0.0002685839 1.9025369e-05 -3.2764199e-06 1.0 0.0002685839
0.9999952 -0.003101349 -0.00011423514 0.002487373 0.0031013496 0.9999952 4.5549505e-06 0.002487373 0.000114220464 -4.909212e-06 1.0 0.002487373
0.9999869 -0.005115317 -8.89468e-05 0.00047538895 0.0051153176 0.9999869 4.154841e-06 0.00047538895 8.892438e-05 -4.609778e-06 1.0 0.00047538895
0.99999887 -0.0015139047 -3.7399117e-05 3.1342166e-05 0.0015139048 0.99999887 3.4452003e-06 3.1342166e-05 3.7393856e-05 -3.501815e-06 1.0 3.1342166e-05
0.99999833 -0.0018254324 -0.00012007565 0.0 0.0018254335 0.99999833 8.632006e-06 0.0 0.000120059696 -8.851182e-06 1.0 0.0
0.9999988 -0.0015370834 -2.9533836e-05 0.0 0.0015370834 0.9999988 2.9042678e-06 0.0 2.9529336e-05 -2.9496603e-06 1.0 0.0
0.9999937 -0.0035486366 -7.329575e-05 0.0 0.003548638 0.9999937 1.9039288e-05 0.0 7.3227726e-05 -1.9299268e-05 1.0 0.0
1.0 0.00012052325 2.5322694e-05 0.00023636517 -0.00012052385 1.0 2.3888717e-05 0.00023636517 -2.5319814e-05 -2.389177e-05 1.0 0.00023636517
0.9999927 0.0038123732 -3.863714e-05 0.0 -0.0038123727 0.9999927 9.639158e-06 0.0 3.8673606e-05 -9.491788e-06 1.0 0.0
1.0 0.00017955102 -2.8335082e-05 0.0008924192 -0.00017955084 1.0 6.2895724e-06 0.0008924192 2.8336211e-05 -6.2844847e-06 1.0 0.0008924192
0.9999907 -0.00431213 -0.00012152395 0.00013527977 0.004312133 0.9999907 2.2695274e-05 0.00013527977 0.000121424964 -2.3219092e-05 1.0 0.00013527977
0.99997175 -0.007513017 -8.334813e-06 0.0028025284 0.0075130174 0.99997175 4.5236862e-05 0.0028025284 7.994712e-06 -4.5298206e-05 1.0 0.0028025284
0.9802024 0.19799832 0.0001160466 -0.042017106 -0.19799723 0.9801986 -0.0027917314 -0.042017106 -0.0006665068 0.0027134847 0.9999961 -0.042017106
0.9999977 0.0021522245 3.6699425e-05 0.14643437 -0.0021522248 0.9999977 7.103486e-06 0.14643437 -3.668405e-05 -7.1824547e-06 1.0 0.14643437
1.0 0.00021479475 -6.1403385e-05 0.0077391122 -0.00021479378 1.0 1.5924963e-05 0.0077391122 6.1406805e-05 -1.5911774e-05 1.0 0.0077391122
0.9999999 -0.00047743472 -0.00012747431 0.00095624675 0.00047743795 0.9999999 2.5286434e-05 0.00095624675 0.00012746222 -2.5347292e-05 1.0 0.00095624675
0.99999964 0.00081187906 1.5177974e-05 0.0 -0.0008118791 0.99999964 3.7566688e-06 0.0 -1.5174919e-05 -3.7689902e-06 1.0 0.0
0.99998814 -0.004874083 -9.916545e-05 0.0005203954 0.004874083 0.99998814 -1.0474327e-07 0.0005203954 9.916479e-05 -3.7859866e-07 1.0 0.0005203954
0.999997 0.0024332076 -1.7820349e-06 0.0033343965 -0.0024332076 0.999997 -9.617438e-06 0.0033343965 1.7586284e-06 9.621745e-06 1.0 0.0033343965
0.9999956 0.0029650116 -6.9633284e-06 0.0 -0.0029650116 0.9999956 7.2761445e-06 0.0 6.9848716e-06 -7.2554662e-06 1.0 0.0
0.9999989 -0.001479488 -1.9339797e-05 0.0 0.0014794883 0.9999989 1.6382075e-05 0.0 1.931554e-05 -1.641067e-05 1.0 0.0
0.9999968 -0.0025365676 -7.034092e-05 0.013932051 0.0025365697 0.9999968 3.145341e-05 0.013932051 7.026091e-05 -3.1631735e-05 1.0 0.013932051
0.9999998 0.00057306315 -2.5682126e-05 7.790224e-05 -0.00057306315 0.9999998 -6.9667e-08 7.790224e-05 2.5682082e-05 8.438447e-08 1.0 7.790224e-05
0.99999887 0.0014931139 1.4219917e-06 5.700327e-05 -0.0014931139 0.99999887 -3.0017713e-06 5.700327e-05 -1.4264722e-06 2.999645e-06 1.0 5.700327e-05
0.99999887 0.0014863244 -5.2817064e-05 2.9771249e-05 -0.0014863237 0.99999887 1.3753211e-05 2.9771249e-05 5.2837448e-05 -1.3674692e-05 1.0 2.9771249e-05
0.99999666 -0.0025927771 3.1102698e-07 0.0005723174 0.0025927771 0.99999666 2.611989e-05 0.0005723174 -3.7874898e-07 -2.6118994e-05 1.0 0.0005723174
0.99998057 -0.0062244874 -0.0003441261 0.0 0.0062245 0.9999806 3.623668e-05 0.0 0.0003438939 -3.8377988e-05 0.99999994 0.0
0.9999931 -0.0037168919 -2.637386e-05 0.0041749747 0.0037168923 0.9999931 1.6864878e-05 0.0041749747 2.6310994e-05 -1.6962791e-05 1.0 0.0041749747
0.9999991 0.0012555239 -0.00041073837 0.0009727373 -0.0012555132 0.9999992 2.6475416e-05 0.0009727373 0.0004107713 -2.5959705e-05 0.99999994 0.0009727373
1.0 -4.5748216e-06 -1.0056771e-05 3.833684e-05 4.574841e-06 1.0 1.9341396e-06 3.833684e-05 1.0056762e-05 -1.9341858e-06 1.0 3.833684e-05
0.99999416 0.0034193879 5.8690137e-05 0.0 -0.0034193874 0.99999416 -5.632639e-06 0.0 -5.8709054e-05 5.431922e-06 1.0 0.0
0.99999857 -0.0016993575 -2.262395e-05 0.0 0.0016993575 0.99999857 1.0906854e-06 0.0 2.2622064e-05 -1.1291299e-06 1.0 0.0
0.9999993 -0.0012031426 2.8967022e-05 0.0 0.0012031426 0.9999993 1.1981043e-06 0.0 -2.8968443e-05 -1.163252e-06 1.0 0.0
0.99999756 -0.0022170993 2.7886716e-05 0.0 0.0022170993 0.99999756 3.1911152e-06 0.0 -2.7893722e-05 -3.1292798e-06 1.0 0.0
1.0 -0.00013440989 5.321245e-06 0.00072267855 0.0001344099 1.0 -3.3084434e-06 0.00072267855 -5.3208005e-06 3.3091585e-06 1.0 0.00072267855
0.9999998 0.0006380262 5.0229948e-05 0.0071369438 -0.0006380266 0.9999998 8.5133e-06 0.0071369438 -5.0224506e-05 -8.545346e-06 1.0 0.0071369438
0.99999994 0.00028861553 1.0653327e-05 0.0 -0.00028861559 0.99999994 5.5192913e-06 0.0 -1.0651734e-05 -5.5223654e-06 1.0 0.0
0.9999996 0.00093854364 -1.1737551e-05 0.0089492565 -0.00093854364 0.9999996 9.953537e-08 0.0089492565 1.1737639e-05 -8.851912e-08 1.0 0.0089492565
0.99999297 -0.0037490958 -5.331761e-05 0.0006962475 0.003749096 0.99999297 5.7502945e-07 0.0006962475 5.3315078e-05 -7.7491825e-07 1.0 0.0006962475
0.9999998 -0.0006163211 -9.540824e-05 0.0 0.0006163222 0.9999998 1.2118148e-05 0.0 9.5400756e-05 -1.2176948e-05 1.0 0.0
0.9999995 -0.0009780478 5.1707357e-05 0.0 0.000978046 0.9999995 3.7172416e-05 0.0 -5.1743686e-05 -3.7121827e-05 1.0 0.0
0.9767959 0.214172 0.00021514604 -0.044309378 -0.21417151 0.9767951 -0.0013847549 -0.044309378 -0.00050672935 0.0013065448 0.99999905 -0.044309378
0.9999985 -0.001719686 -9.678006e-05 0.00026123796 0.0017196886 0.9999985 2.7493274e-05 0.00026123796 9.6732634e-05 -2.7659666e-05 1.0 0.00026123796
0.99999684 0.0025180557 -6.2545055e-06 0.0 -0.0025180557 0.99999684 9.938187e-07 0.0 6.2569884e-06 -9.780664e-07 1.0 0.0
0.9999986 -0.0016634674 -5.965657e-05 0.0022136085 0.0016634692 0.9999986 3.199786e-05 0.0022136085 5.960326e-05 -3.2097054e-05 1.0 0.0022136085
1.0 -0.00020320041 -6.384684e-05 0.0026163452 0.00020320083 1.0 6.6402513e-06 0.0026163452 6.384549e-05 -6.653225e-06 1.0 0.0026163452
0.9999912 0.0042048697 -1.8599183e-06 0.002604524 -0.0042048697 0.9999912 -6.357448e-06 0.002604524 1.8331696e-06 6.3652124e-06 1.0 0.002604524
0.9999995 0.0009950537 -2.2466631e-06 0.0 -0.0009950537 0.9999995 -2.2394232e-07 0.0 2.2464392e-06 2.2617776e-07 1.0 0.0
0.99999905 -0.0013807395 -0.00010304223 0.004311744 0.0013807405 0.99999905 1.0224683e-05 0.004311744 0.00010302801 -1.0366948e-05 1.0 0.004311744
0.99999803 0.0019780835 1.3788304e-05 0.0 -0.0019780835 0.99999803 -6.286363e-07 0.0 -1.378952e-05 6.013607e-07 1.0 0.0
0.9999969 -0.0024839614 -8.138309e-05 0.013261949 0.0024839633 0.9999969 2.1005777e-05 0.013261949 8.133066e-05 -2.1207865e-05 1.0 0.013261949
0.9999894 0.0046100044 -0.00016166392 0.023282591 -0.004610005 0.9999894 -4.905668e-06 0.023282591 0.00016163959 5.650887e-06 1.0 0.023282591
0.99999845 0.0017718206 -7.364164e-05 0.0 -0.0017718205 0.99999845 1.9121662e-06 0.0 7.364491e-05 -1.7816834e-06 1.0 0.0
0.9999999 -0.00054170896 -1.6162281e-05 0.0 0.00054170913 0.9999999 9.776919e-06 0.0 1.6156982e-05 -9.785673e-06 1.0 0.0
0.9999995 0.00096927595 -5.480159e-05 0.001508567 -0.00096927444 0.9999995 2.8179717e-05 0.001508567 5.4828877e-05 -2.8126586e-05 1.0 0.001508567
0.9999834 0.0057673105 2.2049082e-05 0.0021917028 -0.0057673105 0.9999834 -4.4125179e-07 0.0021917028 -2.2051261e-05 3.1408052e-07 1.0 0.0021917028
0.99999064 0.004320747 1.4381896e-05 0.0075899772 -0.004320747 0.99999064 -5.968491e-06 0.0075899772 -1.440755e-05 5.906295e-06 1.0 0.0075899772
1.0 0.00013997772 2.0484835e-05 0.0 -0.00013997778 1.0 3.1101483e-06 0.0 -2.0484398e-05 -3.1130155e-06 1.0 0.0
0.99999344 -0.0036126478 -0.00011480926 0.0010176016 0.0036126494 0.9999935 1.3632103e-05 0.0010176016 0.00011475926 -1.404678e-05 1.0 0.0010176016
0.999995 -0.003165559 -3.7014906e-05 0.00027078044 0.0031655591 0.999995 8.94517e-06 0.00027078044 3.6986403e-05 -9.062297e-06 1.0 0.00027078044
0.9973297 0.0730307 0.00013215799 -0.015356806 -0.07303048 0.9973289 -0.0012660564 -0.015356806 -0.00022426597 0.0012530241 0.99999917 -0.015356806
-0.9999789 0.0062886076 -0.0016108925 -0.05394034 -0.006288891 -0.9999802 0.00017127188 -0.05394034 -0.0016097835 0.000181399 0.9999987 -0.05394034
0.9999985 0.0016728782 0.00043576042 -0.0003634569 -0.001672835 0.99999857 -9.960367e-05 -0.0003634569 -0.00043592643 9.887457e-05 0.9999999 -0.0003634569
0.99999064 0.0043330407 7.2017338e-06 0.0029020428 -0.0043330407 0.9999906 -1.6155253e-05 0.0029020428 -7.2716675e-06 1.6123895e-05 1.0 0.0029020428
